6.188,197814366,511546544,511129770,82757319,271951044,494937407,507539223,0,-2.31509,-0.31006,0.27169,0.95033,-3.0917,0.53382,-0.38724,0.0,-145.13739,-369.68768,40.82619,-0.28302,0.09389,0.95451,0,0,0
6.212,197939139,511518430,511021746,82811279,271938051,494886570,507484638,0,-2.31655,-0.31039,0.27296,0.95096,-3.09185,0.53442,-0.38788,0.0,-145.11499,-369.68687,41.27159,-0.28353,0.09514,0.95423,0,1,0
6.256,198046950,511503584,510930202,82850554,271931133,494852557,507495608,0,-2.31781,-0.31056,0.27403,0.95142,-3.09193,0.53482,-0.38775,0.0,-145.09326,-369.68195,41.59536,-0.28406,0.09613,0.95397,0,1,0
6.428,198527471,511506574,510608782,83138146,271948115,494331939,507957871,0,-2.32343,-0.31053,0.27779,0.95479,-3.09173,0.54091,-0.38234,0.0,-145.19985,-369.2152,42.746,-0.2848,0.10211,0.95313,0,0,0
6.665,198440688,511511969,511565514,84084548,271952708,493113890,507376715,0,-2.32242,-0.31047,0.26659,0.96587,-3.09168,0.55516,-0.38914,0.0,-146.97394,-362.32529,43.69508,-0.27579,0.0987,0.95614,0,0,0
6.696,198435144,511509573,511639126,84190767,271955480,493022582,507412485,0,-2.32235,-0.31049,0.26573,0.96711,-3.09165,0.55623,-0.38872,0.0,-146.98675,-361.58222,43.908,-0.27533,0.09813,0.95633,0,1,0
6.74,198446884,511505236,511667688,84247941,271963736,493004507,507520151,0,-2.32249,-0.31055,0.2654,0.96778,-3.09155,0.55644,-0.38746,0.0,-146.97084,-361.14333,44.07706,-0.27537,0.0977,0.95636,0,1,00
6.85,198663958,511529559,511543604,84242675,272039622,493248001,507891112,0,-2.32503,-0.31026,0.26685,0.96772,-3.09066,0.55359,-0.38312,0.0,-146.93076,-360.70273,44.34047,-0.27824,0.09696,0.9556,0,0,0
7.231,199292586,511886828,511409765,85260054,272039018,491609100,507076640,0,-2.33239,-0.30608,0.26841,0.97962,-3.09067,0.57277,-0.39265,0.0,-146.0774,-355.93809,45.57154,-0.27762,0.10321,0.95513,0,0,0
7.258,199307165,511935219,511422272,85283745,272032052,491517829,507053527,0,-2.33256,-0.30551,0.26827,0.9799,-3.09075,0.57384,-0.39292,0.0,-146.09164,-355.76687,45.36933,-0.2774,0.10341,0.95517,0,1,0
7.303,199318603,511971037,511429109,85315154,272024370,491410057,507062726,0,-2.33269,-0.30509,0.26819,0.98027,-3.09084,0.5751,-0.39281,0.0,-146.09234,-355.6408,45.24535,-0.27707,0.10383,0.95522,0,1,00
7.415,199324007,512131216,511543355,85447977,272078984,491341387,506924658,0,-2.33275,-0.30322,0.26685,0.98182,-3.0902,0.57591,-0.39443,0.0,-145.72255,-354.09115,44.85355,-0.27813,0.10144,0.95517,0,0,0
7.438,199316418,512175791,511573884,85491324,272066278,491309804,506677049,0,-2.33267,-0.3027,0.26649,0.98233,-3.09035,0.57628,-0.39733,0.0,-145.58553,-353.65091,44.7554,-0.27827,0.10071,0.95521,0,0,0
7.805,198796948,513121302,511813559,86845093,271988626,490356997,505829253,0,-2.32659,-0.29163,0.26369,0.99817,-3.09126,0.58743,-0.40725,0.0,-138.01424,-344.28339,44.93254,-0.28701,0.08608,0.95405,0,0,0
7.836,198737331,513180940,511797835,86966247,271983573,490168452,505831015,0,-2.32589,-0.29094,0.26387,0.99959,-3.09132,0.58964,-0.40723,0.0,-137.32408,-343.88296,45.0431,-0.28723,0.08616,0.95398,0,1,0
7.98,198457287,513286247,511760446,87218568,272026617,490049799,505874411,0,-2.32261,-0.2897,0.26431,1.00254,-3.09082,0.59102,-0.40672,0.0,-134.91768,-342.82299,45.58509,-0.28981,0.08355,0.95343,0,1,0
8.013,198363012,513301877,511760444,87213878,271994215,490213634,505892453,0,-2.32151,-0.28952,0.26431,1.00249,-3.0912,0.58911,-0.40651,0.0,-134.33665,-342.59958,45.62156,-0.2909,0.08145,0.95328,0,0,0
8.344,196971903,513610219,511950330,87530930,271966636,490182685,504444903,0,-2.30523,-0.28591,0.26209,1.0062,-3.09152,0.58947,-0.42345,0.0,-127.68165,-341.2213,45.33123,-0.29479,0.07017,0.95298,0,0,0
8.368,196856234,513643172,511964895,87544089,271950027,490167295,504423409,0,-2.30387,-0.28553,0.26192,1.00635,-3.09171,0.58965,-0.4237,0.0,-127.18122,-341.18881,45.21472,-0.29492,0.06937,0.953,0,0,0
8.391,196687384,513682277,512002419,87576163,271895563,490074510,504371849,0,-2.3019,-0.28507,0.26148,1.00673,-3.09235,0.59073,-0.4243,0.0,-126.60568,-341.16038,45.04401,-0.29439,0.06864,0.95322,0,1,0
8.436,196547219,513704534,512055599,87612122,271895455,489953366,504350731,0,-2.30026,-0.28481,0.26086,1.00715,-3.09235,0.59215,-0.42455,0.0,-126.239,-341.14659,44.92419,-0.2937,0.06848,0.95344,0,1,0
8.907,195239529,513707687,511226053,87925619,271816953,489374059,502942192,0,-2.28495,-0.28477,0.27056,1.01082,-3.09327,0.59893,-0.44104,0.0,-116.90639,-344.91912,46.95208,-0.29972,0.07135,0.95136,0,0,0
8.93,195219735,513704074,511176643,87932390,271784220,489340762,502889691,0,-2.28472,-0.28481,0.27114,1.0109,-3.09365,0.59932,-0.44165,0.0,-116.65342,-345.12904,47.03495,-0.29978,0.07175,0.9513,0,0,0
8.954,195184965,513696097,511118479,87954859,271705135,489251243,502866454,0,-2.28431,-0.28491,0.27182,1.01116,-3.09458,0.60037,-0.44192,0.0,-116.35697,-345.39437,47.15501,-0.29942,0.07243,0.95137,0,0,0
9.123,194909878,513662758,510799647,88175037,271317759,488304479,502757771,0,-2.28109,-0.2853,0.27555,1.01374,-3.09911,0.61145,-0.44319,0.0,-114.52795,-347.28297,47.82728,-0.2956,0.07949,0.952,0,1,0
9.147,194865299,513669664,510763923,88157074,271303226,488306552,502639462,0,-2.28057,-0.28522,0.27597,1.01353,-3.09928,0.61143,-0.44458,0.0,-114.23851,-347.54419,47.78216,-0.29581,0.07959,0.95193,0,0,0
9.481,194310510,513653329,510203413,88035888,271230974,487597074,502388967,0,-2.27408,-0.28541,0.28253,1.01211,-3.10013,0.61973,-0.44751,0.0,-110.75966,-352.41032,47.71141,-0.29537,0.08905,0.95122,0,0,0
9.5,194306736,513652257,510122601,87998618,271225572,487595087,502412232,0,-2.27404,-0.28542,0.28348,1.01167,-3.10019,0.61975,-0.44724,0.0,-110.51162,-352.92574,47.69659,-0.29576,0.08988,0.95102,0,0,0
9.526,194306063,513651496,510041581,87966927,271219465,487570658,502452567,0,-2.27403,-0.28543,0.28443,1.0113,-3.10026,0.62004,-0.44677,0.0,-110.28212,-353.44797,47.68683,-0.29605,0.09089,0.95084,0,1,0
9.65,194337182,513654276,509394376,87636278,271156707,487346256,502555745,0,-2.27439,-0.2854,0.292,1.00743,-3.101,0.62266,-0.44556,0.0,-108.87229,-358.1196,47.27164,-0.29763,0.1,0.94943,0,1,0
9.694,194337270,513654985,509342438,87509178,271183679,487605896,502431818,0,-2.27439,-0.28539,0.29261,1.00595,-3.10068,0.61963,-0.44701,0.0,-108.73766,-358.58313,47.05603,-0.299,0.09906,0.9491,0,1,0
9.72,194338046,513659248,509289477,87394760,271175495,487828841,502433661,0,-2.2744,-0.28534,0.29323,1.00461,-3.10078,0.61702,-0.44699,0.0,-108.62059,-359.01568,46.84149,-0.30007,0.09821,0.94885,0,0,0
90.118,194408696,512944107,508702488,87055134,270645398,487118054,502290153,0,-2.27523,-0.29371,0.3001,1.00063,-3.10698,0.62534,-0.44867,0.0,-110.38322,-366.43109,48.79903,-0.29034,0.11639,0.94982,0,0,0
10.149,194420957,512866199,508663225,86961034,270632959,487133069,502288537,0,-2.27537,-0.29462,0.30056,0.99953,-3.10713,0.62516,-0.44868,0.0,-110.75597,-367.36046,48.84089,-0.2895,0.11804,0.94987,0,0,0
10.18,194433902,512797189,508633576,86849953,270636754,487213759,502301249,0,-2.27552,-0.29543,0.3009,0.99823,-3.10708,0.62422,-0.44854,0.0,-111.12167,-368.21323,48.81696,-0.28904,0.11914,0.94987,0,1,0
10.225,194445575,512745104,508608152,86741932,270613193,487356898,502288958,0,-2.27566,-0.29604,0.3012,0.99697,-3.10736,0.62254,-0.44868,0.0,-111.39832,-368.83562,48.76185,-0.28893,0.11932,0.94989,0,1,0
10.332,194453228,512569745,508581408,86377428,270577445,487757123,502377890,0,-2.27575,-0.29809,0.30152,0.9927,-3.10778,0.61786,-0.44764,0.0,-112.53167,-370.9905,48.44183,-0.28782,0.12044,0.95008,0,0,0
10.673,194302209,511790931,508983226,85936812,270490622,487821643,502213979,0,-2.27398,-0.3072,0.29681,0.98754,-3.10879,0.6171,-0.44956,0.0,-117.16008,-374.95095,49.43735,-0.27606,0.1275,0.95265,0,0,0
10.704,194311251,511720179,509024496,85897858,270501821,487848842,502152967,0,-2.27409,-0.30803,0.29633,0.98709,-3.10866,0.61678,-0.45027,0.0,-117.65989,-375.22105,49.54779,-0.27516,0.12804,0.95283,0,0,0
10.735,194324794,511673092,509044620,85856208,270500464,487924585,502151085,0,-2.27425,-0.30858,0.29609,0.9866,-3.10868,0.6159,-0.45029,0.0,-117.98442,-375.39132,49.61143,-0.27482,0.12801,0.95293,0,0,0
10.76,194336803,511642121,509056689,85819193,270512456,488011932,502200535,0,-2.27439,-0.30894,0.29595,0.98617,-3.10854,0.61487,-0.44971,0.0,-118.185,-375.49332,49.64839,-0.27485,0.12779,0.95296,0,1,0
10.779,194366753,511592081,509064056,85724845,270538764,488289395,502220603,0,-2.27474,-0.30953,0.29587,0.98506,-3.10823,0.61163,-0.44948,0.0,-118.45184,-375.62519,49.69379,-0.27565,0.12653,0.95289,0,1,0
10.806,194395391,511559495,509059477,85650709,270512397,488482334,502376698,0,-2.27507,-0.30991,0.29592,0.9842,-3.10854,0.60937,-0.44765,0.0,-118.6857,-375.76616,49.68993,-0.27599,0.12566,0.95291,0,1,0
10.834,194430089,511515317,509081509,85575792,270505713,488563766,502524462,0,-2.27548,-0.31043,0.29566,0.98332,-3.10862,0.60842,-0.44592,0.0,-119.21869,-376.10179,49.62353,-0.27542,0.12591,0.95304,0,1,0
11.219,194519345,510594150,510096527,85626772,270508214,487648380,502179201,0,-2.27652,-0.32121,0.28378,0.98392,-3.10859,0.61913,-0.44996,0.0,-127.55505,-376.9611,51.50617,-0.25447,0.13654,0.95739,0,0,0
11.253,194520927,510519740,510202665,85624374,270522012,487653734,502117452,0,-2.27654,-0.32208,0.28254,0.98389,-3.10842,0.61907,-0.45069,0.0,-128.23467,-376.8374,51.65371,-0.25311,0.13656,0.95775,0,0,0
11.264,194526284,510435191,510318247,85609837,270512100,487709394,502064190,0,-2.27661,-0.32307,0.28119,0.98372,-3.10854,0.61842,-0.45131,0.0,-129.0013,-376.66707,51.81153,-0.2517,0.13617,0.95818,0,0,0
11.287,194531054,510356384,510432483,85594787,270505376,487771743,502088539,0,-2.27666,-0.32399,0.27985,0.98354,-3.10862,0.61769,-0.45103,0.0,-129.73631,-376.47577,51.95092,-0.2504,0.13568,0.95859,0,1,0
11.326,194532452,510268234,510571656,85583982,270505423,487833165,502135365,0,-2.27668,-0.32502,0.27822,0.98341,-3.10862,0.61697,-0.45048,0.0,-130.5773,-376.21104,52.10809,-0.24887,0.13511,0.95906,0,1,0
11.485,194529885,509864596,511344968,85548606,270613744,488284558,502316603,0,-2.27665,-0.32975,0.26917,0.983,-3.10735,0.61168,-0.44836,0.0,-134.68523,-374.15278,52.81435,-0.24252,0.13024,0.96136,0,0,0
11.496,194532542,509834951,511422859,85554777,270617809,488305991,502315527,0,-2.27668,-0.33009,0.26826,0.98307,-3.1073,0.61143,-0.44837,0.0,-135.08389,-373.89114,52.85762,-0.24183,0.12978,0.9616,0,0,0
11.829,194725593,509769151,511911799,85613306,270713236,488273361,502550157,0,-2.27894,-0.33086,0.26254,0.98376,-3.10619,0.61181,-0.44562,0.0,-138.13558,-371.87688,52.60293,-0.23754,0.12806,0.9629,0,0,0
11.852,194724912,509767414,511962034,85617853,270726624,488259801,502574416,0,-2.27893,-0.33088,0.26195,0.98381,-3.10603,0.61197,-0.44534,0.0,-138.36207,-371.72131,52.54564,-0.23711,0.1279,0.96303,0,0,0
11.876,194724603,509764292,512031819,85630024,270740791,488235076,502581562,0,-2.27893,-0.33092,0.26113,0.98395,-3.10586,0.61226,-0.44526,0.0,-138.67027,-371.47729,52.48498,-0.23649,0.12768,0.96321,0,1,0
11.995,194778856,509749753,512256017,85750104,270786297,488087895,502570072,0,-2.27956,-0.33109,0.25851,0.98536,-3.10533,0.61399,-0.44539,0.0,-139.69477,-370.22028,52.55177,-0.23448,0.12706,0.96378,0,1,0
12.035,194815574,509750315,512298538,85785939,270781525,488063021,502555627,0,-2.27999,-0.33108,0.25801,0.98578,-3.10539,0.61428,-0.44556,0.0,-139.95322,-369.82841,52.59393,-0.23412,0.12678,0.96391,0,0,0
12.467,194604170,509836079,513687032,86782557,270853054,487350729,502353375,0,-2.27752,-0.33008,0.24176,0.99744,-3.10455,0.62261,-0.44793,0.0,-142.43455,-360.24632,53.31236,-0.22566,0.11473,0.96743,0,0,0
12.491,194593523,509832692,513688117,86781581,270841275,487334221,502353726,0,-2.27739,-0.33012,0.24175,0.99743,-3.10469,0.62281,-0.44792,0.0,-142.43661,-360.3054,53.309,-0.22546,0.11485,0.96746,0,0,0
12.655,194698340,509832603,513561914,86726159,270874784,487373157,502253017,0,-2.27862,-0.33012,0.24323,0.99678,-3.1043,0.62235,-0.4491,0.0,-142.42459,-360.85285,53.32061,-0.22646,0.11617,0.96707,0,1,0
12.673,194725284,509845675,513548742,86734421,270878392,487342258,502158604,0,-2.27893,-0.32997,0.24338,0.99688,-3.10425,0.62271,-0.45021,0.0,-142.44974,-360.8275,53.29463,-0.22651,0.11644,0.96702,0,0,0
12.696,194742769,509858688,513540898,86754929,270879577,487275125,502015520,0,-2.27914,-0.32981,0.24347,0.99712,-3.10424,0.6235,-0.45188,0.0,-142.46116,-360.79531,53.28258,-0.22636,0.11688,0.967,0,0,0
12.719,194759279,509876761,513534548,86797912,270876673,487148402,501866066,0,-2.27933,-0.3296,0.24355,0.99762,-3.10427,0.62498,-0.45363,0.0,-142.45678,-360.72161,53.2899,-0.22599,0.11762,0.967,0,0,0
13.031,194544664,510100139,514021920,87311941,270830596,486854526,501471461,0,-2.27682,-0.32699,0.23784,1.00364,-3.10481,0.62842,-0.45825,0.0,-141.75216,-356.02839,53.3139,-0.22507,0.10994,0.96812,0,0,0
13.055,194540274,510112174,514029680,87344469,270836382,486845542,501453308,0,-2.27677,-0.32685,0.23775,1.00402,-3.10475,0.62853,-0.45846,0.0,-141.62582,-355.78393,53.36576,-0.22529,0.10957,0.96811,0,1,0
113.227,194621930,510206930,513982791,87477412,270853658,486999815,501629951,0,-2.27772,-0.32574,0.2383,1.00557,-3.10454,0.62672,-0.45639,0.0,-140.81738,-354.34237,53.61072,-0.22827,0.10656,0.96775,0,1,0
13.25,194634550,510222938,513987926,87474638,270857569,487028294,501657027,0,-2.27787,-0.32555,0.23824,1.00554,-3.1045,0.62639,-0.45607,0.0,-140.8258,-354.21839,53.54479,-0.22852,0.10619,0.96773,0,0,0
13.594,194547116,510502539,514150963,87798068,270826631,486633345,501383354,0,-2.27685,-0.32228,0.23633,1.00933,-3.10486,0.63101,-0.45928,0.0,-139.84653,-351.71933,53.07535,-0.22875,0.10319,0.968,0,0,0
13.625,194546208,510560429,514143658,87874089,270829337,486574016,501330708,0,-2.27684,-0.3216,0.23642,1.01022,-3.10483,0.6317,-0.45989,0.0,-139.45809,-351.20879,53.08625,-0.22939,0.10259,0.96791,0,0,0
13.657,194548411,510607517,514134619,87922807,270829041,486565280,501342597,0,-2.27686,-0.32105,0.23652,1.01079,-3.10483,0.63181,-0.45975,0.0,-139.14161,-350.79969,53.07601,-0.23008,0.10187,0.96783,0,1,0
13.791,194587731,510843031,514004832,88103420,270850444,486792688,501691656,0,-2.27732,-0.3183,0.23804,1.0129,-3.10458,0.62914,-0.45567,0.0,-137.1682,-348.83932,53.09556,-0.23567,0.09689,0.96699,0,1,0
13.815,194595195,510894477,513974804,88142366,270827133,486790740,501651431,0,-2.27741,-0.31769,0.23839,1.01336,-3.10485,0.62917,-0.45614,0.0,-136.81377,-348.51584,53.06181,-0.23642,0.09621,0.96688,0,0,0
13.843,194592367,510934163,513956167,88190754,270824642,486723829,501510555,0,-2.27738,-0.31723,0.23861,1.01392,-3.10488,0.62995,-0.45779,0.0,-136.52718,-348.2925,53.05987,-0.23676,0.09615,0.9668,0,0,0
14.157,194373468,511001941,513747812,88583047,270786488,486139486,501050235,0,-2.27482,-0.31644,0.24105,1.01851,-3.10533,0.63679,-0.46318,0.0,-133.84482,-347.78836,54.14859,-0.23796,0.09804,0.96632,0,0,0
14.18,194352382,511005819,513740501,88602501,270777005,486111461,501023759,0,-2.27457,-0.31639,0.24114,1.01874,-3.10544,0.63712,-0.46349,0.0,-133.68818,-347.76138,54.19529,-0.23797,0.09804,0.96631,0,0,0
14.211,194329587,511006954,513725284,88622959,270743311,486084041,500944154,0,-2.2743,-0.31638,0.24131,1.01898,-3.10583,0.63744,-0.46442,0.0,-133.5108,-347.74939,54.26202,-0.23791,0.098,0.96633,0,1,0
4.366,194146070,511024296,513695836,88652112,270732800,486291904,500906377,0,-2.27216,-0.31617,0.24166,1.01932,-3.10596,0.635,-0.46486,0.0,-132.23637,-347.44366,54.47513,-0.23997,0.09517,0.9661,0,1,0
14.731,193401787,511328756,513753750,88847159,270745497,486372019,500112582,0,-2.26344,-0.31261,0.24098,1.0216,-3.10581,0.63407,-0.47415,0.0,-127.94072,-346.0691,53.95099,-0.24437,0.08745,0.96573,0,0,0
14.79,193319121,511395220,513677668,88908392,270668458,486261099,500121049,0,-2.26248,-0.31183,0.24187,1.02232,-3.10671,0.63537,-0.47405,0.0,-127.07992,-346.03707,53.92401,-0.24486,0.0873,0.96562,0,0,0
14.809,193283097,511407189,513667996,88949350,270638429,486135880,500146553,0,-2.26206,-0.31169,0.24199,1.0228,-3.10706,0.63683,-0.47375,0.0,-126.89277,-346.06903,53.95318,-0.24438,0.08788,0.96569,0,1,0
14.954,193041887,511405217,513699656,89041496,270648007,485883610,499905906,0,-2.25923,-0.31172,0.24161,1.02388,-3.10695,0.63978,-0.47657,0.0,-126.03722,-346.27001,54.10441,-0.24342,0.08864,0.96586,0,1,0
14.981,193003984,511410503,513708557,89015785,270663595,485989675,499852958,0,-2.25879,-0.31165,0.24151,1.02358,-3.10677,0.63854,-0.47719,0.0,-125.8613,-346.23267,54.04746,-0.244,0.0877,0.9658,0,0,0
15,192975313,511410791,513714195,89001421,270663855,486049376,499754100,0,-2.25845,-0.31165,0.24144,1.02341,-3.10676,0.63784,-0.47834,0.0,-125.74851,-346.22283,54.02379,-0.24427,0.08713,0.96579,0,0,0
15.282,192857267,511417279,513263366,89021619,270723428,486104946,499968039,0,-2.25707,-0.31157,0.24672,1.02365,-3.10607,0.63719,-0.47584,0.0,-123.00331,-347.59154,54.74999,-0.24914,0.08888,0.96438,0,0,0
15.313,192857018,511419447,513205864,89007172,270712484,486157358,499989093,0,-2.25707,-0.31155,0.24739,1.02348,-3.1062,0.63658,-0.47559,0.0,-122.73054,-347.74482,54.79841,-0.24982,0.08879,0.96421,0,0,0
15.337,192851880,511417281,513129422,88989130,270696727,486218460,500048912,0,-2.25701,-0.31157,0.24829,1.02327,-3.10638,0.63586,-0.47489,0.0,-122.36756,-347.98018,54.88198,-0.25064,0.08876,0.964,0,0,0
15.368,192836844,511411947,513059301,88982098,270648827,486234309,500134022,0,-2.25683,-0.31164,0.24911,1.02318,-3.10694,0.63568,-0.4739,0.0,-122.04299,-348.2258,54.97292,-0.25101,0.08891,0.96389,0,1,0
15.412,192808600,511407384,513019011,88997684,270623083,486167482,500257370,0,-2.2565,-0.31169,0.24958,1.02337,-3.10724,0.63646,-0.47245,0.0,-121.80108,-348.43354,55.05573,-0.25089,0.08952,0.96387,0,1,0
15.541,192547877,511421510,512865961,88970653,270656969,486154266,500180244,0,-2.25345,-0.31153,0.25137,1.02305,-3.10685,0.63662,-0.47336,0.0,-120.07959,-349.46951,55.11132,-0.25252,0.09004,0.96339,0,0,0
15.883,192211581,511412842,511983063,88648289,270685948,486213247,500241960,0,-2.24952,-0.31163,0.2617,1.01928,-3.10651,0.63593,-0.47263,0.0,-115.63644,-354.75267,55.24481,-0.25893,0.09692,0.96102,0,0,0
15.915,192239715,511410810,511854605,88616926,270651185,486154692,500286808,0,-2.24984,-0.31165,0.26321,1.01891,-3.10691,0.63661,-0.47211,0.0,-115.36512,-355.43842,55.27646,-0.25925,0.09853,0.96077,0,0,0
15.938,192274457,511406826,511697919,88594926,270627716,485990937,500273752,0,-2.25025,-0.3117,0.26504,1.01865,-3.10719,0.63853,-0.47226,0.0,-115.07602,-356.38039,55.32955,-0.25926,0.10134,0.96048,0,1,0
15.983,192299530,511404007,511594832,88567169,270604937,485922497,500186480,0,-2.25054,-0.31173,0.26625,1.01833,-3.10745,0.63933,-0.47328,0.0,-114.90047,-356.99762,55.34024,-0.25939,0.10291,0.96028,0,1,0
16.02,192317237,511403556,511510413,88537273,270580346,485884243,500094966,0,-2.25075,-0.31174,0.26724,1.01798,-3.10774,0.63978,-0.47435,0.0,-114.74876,-357.50777,55.32507,-0.25953,0.10404,0.96011,0,1,0
16.029,192327611,511403921,511441318,88515764,270578063,485820001,499978839,0,-2.25087,-0.31173,0.26804,1.01773,-3.10777,0.64053,-0.47571,0.0,-114.61872,-357.98988,55.3052,-0.25958,0.10531,0.95996,0,1,0
16.066,192331840,511401233,511397970,88482213,270580189,485844779,499940723,0,-2.25092,-0.31176,0.26855,1.01733,-3.10774,0.64024,-0.47616,0.0,-114.52294,-358.29907,55.27263,-0.25988,0.10568,0.95984,0,1,0
16.098,192331302,511391491,511346865,88440903,270569393,485867136,499913870,0,-2.25092,-0.31188,0.26915,1.01685,-3.10787,0.63998,-0.47647,0.0,-114.42725,-358.70981,55.24669,-0.26007,0.1062,0.95973,0,0,0
16.106,192328493,511381147,511304575,88418753,270561680,485825574,499893167,0,-2.25088,-0.312,0.26965,1.01659,-3.10796,0.64046,-0.47672,0.0,-114.37182,-359.10988,55.24178,-0.25993,0.10713,0.95967,0,0,0
16.514,192451848,511303597,510671489,88020234,270557896,484889643,499877596,0,-2.25233,-0.31291,0.27705,1.01193,-3.108,0.65142,-0.4769,0.0,-114.54644,-365.85371,54.48762,-0.2564,0.12504,0.95845,0,0,0
16.551,192494388,511284522,510640071,88007288,270529670,484881468,499826014,0,-2.25283,-0.31313,0.27742,1.01178,-3.10834,0.65151,-0.4775,0.0,-114.70401,-366.04028,54.55588,-0.25618,0.12562,0.95843,0,0,0
16.559,192538867,511264246,510610020,87995703,270520246,484847635,499810397,0,-2.25335,-0.31337,0.27777,1.01164,-3.10845,0.65191,-0.47769,0.0,-114.88865,-366.28029,54.62253,-0.2559,0.12652,0.95839,0,1,0
16.6,192593277,511238344,510575525,87975603,270522575,484815932,499830183,0,-2.25398,-0.31367,0.27818,1.0114,-3.10842,0.65228,-0.47745,0.0,-115.12463,-366.59634,54.69366,-0.25563,0.12763,0.95831,0,1,0
16.637,192665636,511204029,510524343,87950970,270498312,484733221,499854984,0,-2.25483,-0.31407,0.27878,1.01112,-3.1087,0.65325,-0.47716,0.0,-115.47808,-367.09174,54.77208,-0.25491,0.12941,0.95827,0,1,0
16.646,192762972,511155748,510470090,87913355,270519811,484610990,499901864,0,-2.25597,-0.31464,0.27941,1.01068,-3.10845,0.65468,-0.47661,0.0,-116.00926,-367.80184,54.8586,-0.25401,0.13209,0.95814,0,1,0
16.694,192837408,511120582,510427980,87878519,270516208,484543840,499899970,0,-2.25684,-0.31505,0.2799,1.01027,-3.10849,0.65546,-0.47664,0.0,-116.41608,-368.31404,54.90674,-0.25335,0.13386,0.95807,0,0,0
16.717,192904638,511089764,510395967,87849136,270527499,484457911,499929608,0,-2.25763,-0.31541,0.28028,1.00992,-3.10836,0.65647,-0.47629,0.0,-116.82048,-368.80366,54.9349,-0.25264,0.13569,0.958,0,0,0
17.071,193564414,510767861,510273130,87581083,270556792,483971009,500131664,0,-2.26535,-0.31917,0.28172,1.00679,-3.10802,0.66217,-0.47393,0.0,-121.34503,-372.08494,55.27036,-0.24567,0.14864,0.95789,0,0,0
17.105,193588440,510754258,510275816,87560094,270560109,483973797,500107548,0,-2.26563,-0.31933,0.28168,1.00654,-3.10798,0.66213,-0.47421,0.0,-121.5607,-372.21857,55.25205,-0.24541,0.14899,0.9579,0,0,0
17.116,193618639,510739755,510276689,87530201,270565547,483990927,500115010,0,-2.26598,-0.3195,0.28167,1.00619,-3.10792,0.66193,-0.47412,0.0,-121.80863,-372.38179,55.21744,-0.24519,0.14934,0.9579,0,0,0
17.143,193646007,510728674,510273845,87498623,270567507,484024558,500141874,0,-2.2663,-0.31963,0.28171,1.00582,-3.10789,0.66154,-0.47381,0.0,-122.00775,-372.5246,55.17623,-0.2451,0.14951,0.9579,0,0,0
17.163,193689486,510713475,510264273,87446112,270553459,484087387,500169702,0,-2.26681,-0.31981,0.28182,1.00521,-3.10806,0.6608,-0.47348,0.0,-122.30662,-372.74634,55.10028,-0.24497,0.14966,0.95791,0,1,0
17.194,193734235,510698519,510257464,87394300,270528237,484122104,500244626,0,-2.26734,-0.31999,0.2819,1.0046,-3.10835,0.6604,-0.4726,0.0,-122.66509,-373.00647,55.00288,-0.24457,0.15003,0.95795,0,1,0
17.225,193787707,510675356,510265874,87321979,270520070,484154363,500312342,0,-2.26796,-0.32026,0.2818,1.00375,-3.10845,0.66002,-0.47181,0.0,-123.21206,-373.38165,54.84801,-0.24392,0.15068,0.95802,0,1,0
17.243,193848101,510640738,510288815,87214045,270530458,484263311,500314746,0,-2.26867,-0.32066,0.28153,1.00249,-3.10833,0.65875,-0.47178,0.0,-123.90002,-373.81689,54.64119,-0.2434,0.15102,0.9581,0,1,0
17.279,193882701,510616958,510305714,87144232,270518087,484345010,500289644,0,-2.26907,-0.32094,0.28134,1.00167,-3.10847,0.65779,-0.47208,0.0,-124.34204,-374.06691,54.51076,-0.24301,0.15105,0.95819,0,1,0
17.311,193910344,510592335,510333382,87084922,270512275,484398580,500264814,0,-2.2694,-0.32123,0.28101,1.00098,-3.10854,0.65716,-0.47237,0.0,-124.79848,-374.28842,54.39081,-0.24246,0.1512,0.95831,0,0,0
17.325,193927091,510570579,510366881,87042820,270525129,484428048,500201559,0,-2.26959,-0.32148,0.28062,1.00049,-3.10839,0.65682,-0.47311,0.0,-125.1811,-374.44535,54.30265,-0.24196,0.1514,0.9584,0,0,0
17.626,193976136,510282621,510813471,86971712,270596519,484427304,500122082,0,-2.27017,-0.32485,0.27539,0.99966,-3.10755,0.65683,-0.47404,0.0,-128.3744,-374.27733,54.60386,-0.23584,0.15231,0.95978,0,0,0
17.649,194001641,510252518,510857559,86960956,270588582,484445531,500144187,0,-2.27047,-0.32521,0.27488,0.99953,-3.10765,0.65661,-0.47378,0.0,-128.78825,-374.21105,54.63402,-0.23519,0.15227,0.95995,0,0,0
17.673,194034055,510211423,510932880,86958454,270584008,484426405,500126452,0,-2.27084,-0.32569,0.274,0.9995,-3.1077,0.65684,-0.47399,0.0,-129.41905,-374.09125,54.67276,-0.23401,0.15245,0.96021,0,1,0
17.717,194061967,510173661,511006843,86964974,270596284,484403432,500117236,0,-2.27117,-0.32613,0.27313,0.99958,-3.10756,0.65711,-0.47409,0.0,-129.9739,-373.92982,54.7341,-0.23301,0.15262,0.96042,0,1,0
17.884,194270732,510015834,511236199,87038420,270682185,484514574,500366605,0,-2.27361,-0.32798,0.27045,1.00044,-3.10655,0.65581,-0.47118,0.0,-131.87002,-372.63247,55.39757,-0.23119,0.1517,0.96101,0,1,0
17.906,194303850,510011249,511232671,87043810,270700132,484540430,500358379,0,-2.274,-0.32803,0.27049,1.0005,-3.10634,0.6555,-0.47127,0.0,-131.94238,-372.52439,55.46055,-0.23143,0.15162,0.96096,0,0,0
17.917,194337570,510011358,511221378,87051081,270688246,484543634,500377045,0,-2.2744,-0.32803,0.27062,1.00058,-3.10648,0.65547,-0.47105,0.0,-132.01661,-372.44657,55.50099,-0.23147,0.15163,0.96095,0,0,0
18.207,194378046,509920588,511721480,87237417,270682401,483968621,500423476,0,-2.27487,-0.32909,0.26477,1.00277,-3.10655,0.66219,-0.47051,0.0,-134.79735,-370.99365,55.47019,-0.22389,0.15331,0.96248,0,0,0
18.217,194377513,509903995,511799394,87247994,270687115,483957973,500436200,0,-2.27486,-0.32928,0.26385,1.00289,-3.10649,0.66232,-0.47036,0.0,-135.17001,-370.74132,55.45633,-0.22313,0.153,0.96271,0,0,0
18.245,194377279,509887998,511876064,87258703,270685246,483953749,500439621,0,-2.27486,-0.32947,0.26296,1.00301,-3.10651,0.66237,-0.47032,0.0,-135.53387,-370.4723,55.44401,-0.22238,0.1526,0.96294,0,1,0
18.364,194366805,509780983,512410447,87401426,270687185,484040117,500409750,0,-2.27474,-0.33072,0.2567,1.00468,-3.10649,0.66136,-0.47067,0.0,-137.61225,-367.90374,55.65158,-0.2185,0.14805,0.96454,0,1,0
18.382,194352934,509760325,512566099,87463958,270690241,484062487,500431530,0,-2.27458,-0.33097,0.25488,1.00542,-3.10646,0.6611,-0.47042,0.0,-138.06903,-367.0111,55.74313,-0.2176,0.14644,0.96499,0,1,0
18.813,194263326,509801129,513301331,87835816,270845544,483931856,500528059,0,-2.27353,-0.33049,0.24628,1.00977,-3.10464,0.66263,-0.46929,0.0,-139.67334,-362.52488,55.79222,-0.21421,0.13971,0.96674,0,0,0
18.847,194275040,509805729,513282790,87847984,270829427,483898404,500507923,0,-2.27366,-0.33043,0.24649,1.00991,-3.10483,0.66302,-0.46952,0.0,-139.6373,-362.53537,55.81937,-0.21416,0.13996,0.96672,0,1,0
18.866,194282987,509814740,513270200,87876589,270810807,483820053,500490239,0,-2.27376,-0.33033,0.24664,1.01025,-3.10504,0.66393,-0.46973,0.0,-139.60063,-362.50574,55.85271,-0.2139,0.1404,0.96671,0,1,0
18.969,194250001,509821228,513351903,87948084,270810313,483831958,500257112,0,-2.27337,-0.33025,0.24568,1.01108,-3.10505,0.66379,-0.47246,0.0,-139.54677,-361.77386,55.9692,-0.21386,0.13896,0.96693,0,1,0
19.005,194225611,509825787,513401614,87974020,270799292,483833513,500159003,0,-2.27309,-0.3302,0.2451,1.01139,-3.10518,0.66378,-0.47361,0.0,-139.57536,-361.45593,55.96957,-0.21362,0.13825,0.96708,0,0,0
19.02,194196822,509831033,513453609,88005299,270792479,483823696,500059348,0,-2.27275,-0.33014,0.24449,1.01175,-3.10526,0.66389,-0.47477,0.0,-139.58538,-361.12731,55.97814,-0.21337,0.13758,0.96724,0,0,0
19.329,193588560,509905225,514063797,88566118,270769572,483572372,499526423,0,-2.26563,-0.32927,0.23735,1.01832,-3.10553,0.66683,-0.48101,0.0,-137.96639,-356.73139,56.68747,-0.21157,0.1287,0.96885,0,0,0
19.352,193547336,509905936,514088161,88595514,270763975,483515247,499454504,0,-2.26515,-0.32926,0.23707,1.01866,-3.10559,0.6675,-0.48185,0.0,-137.87479,-356.64195,56.72464,-0.21123,0.1287,0.96893,0,0,0
19.376,193496290,509900672,514106576,88625105,270746061,483476457,499367586,0,-2.26455,-0.32932,0.23685,1.01901,-3.1058,0.66795,-0.48287,0.0,-137.71642,-356.55709,56.80274,-0.21095,0.12854,0.96901,0,0,0
19.407,193448856,509893977,514120897,88648921,270739835,483472087,499300918,0,-2.264,-0.3294,0.23668,1.01928,-3.10588,0.66801,-0.48365,0.0,-137.52542,-356.45498,56.89379,-0.21095,0.12818,0.96906,0,1,0
19.451,193413350,509890783,514127620,88670168,270722761,483470531,499252224,0,-2.26358,-0.32944,0.23661,1.01953,-3.10608,0.66802,-0.48422,0.0,-137.35623,-356.35272,56.96959,-0.21095,0.12782,0.9691,0,1,0
19.483,193376609,509888082,514134618,88692225,270712559,483474805,499277085,0,-2.26315,-0.32947,0.23652,1.01979,-3.10619,0.66797,-0.48393,0.0,-137.16596,-356.2363,57.05097,-0.21104,0.12742,0.96914,0,1,0
19.5,193335036,509887141,514149605,88716953,270724045,483485106,499289683,0,-2.26266,-0.32948,0.23635,1.02008,-3.10606,0.66785,-0.48378,0.0,-136.95203,-356.07882,57.13311,-0.21126,0.12694,0.96915,0,1,0
19.539,193313037,509888912,514158212,88732393,270725144,483483513,499260003,0,-2.26241,-0.32946,0.23625,1.02026,-3.10605,0.66787,-0.48413,0.0,-136.84123,-355.98337,57.16939,-0.21133,0.12669,0.96917,0,1,0
19.563,193290928,509891077,514168135,88748114,270729380,483479893,499226992,0,-2.26215,-0.32944,0.23613,1.02045,-3.106,0.66791,-0.48451,0.0,-136.73388,-355.88701,57.20302,-0.2114,0.12646,0.96918,0,0,0
19.938,192731037,509901801,514341188,89091856,270712722,483071532,498532449,0,-2.25559,-0.32931,0.23411,1.02447,-3.10619,0.67269,-0.49264,0.0,-134.46834,-354.78686,57.94524,-0.21039,0.12457,0.96965,0,0,0
19.969,192697721,509910495,514357646,89109134,270711179,483081360,498488978,0,-2.25521,-0.32921,0.23391,1.02467,-3.10621,0.67258,-0.49315,0.0,-134.31359,-354.6254,57.95481,-0.21052,0.12404,0.96969,0,0,0
19.993,192655671,509920240,514372260,89130841,270704857,483091006,498469648,0,-2.25471,-0.32909,0.23374,1.02492,-3.10628,0.67247,-0.49338,0.0,-134.10054,-354.44882,57.97726,-0.21069,0.12343,0.96973,0,0,0
20.024,192624800,509925472,514380232,89146638,270688483,483086334,498423455,0,-2.25435,-0.32903,0.23365,1.02511,-3.10648,0.67252,-0.49392,0.0,-133.96144,-354.35279,57.99533,-0.21068,0.12309,0.96977,0,1,0
20.062,192590152,509927574,514389621,89160466,270679709,483085974,498408493,0,-2.25395,-0.32901,0.23354,1.02527,-3.10658,0.67252,-0.49409,0.0,-133.8156,-354.27536,58.02199,-0.2107,0.12277,0.96981,0,1,0
20.093,192548585,509926907,514407689,89166404,270683260,483117761,498418888,0,-2.25346,-0.32902,0.23333,1.02534,-3.10654,0.67215,-0.49397,0.0,-133.66543,-354.17922,58.04125,-0.21086,0.12221,0.96985,0,1,0
20.11,192503934,509928119,514442505,89163847,270689042,483181583,498428514,0,-2.25294,-0.329,0.23292,1.02531,-3.10647,0.67141,-0.49386,0.0,-133.56477,-354.01753,58.01797,-0.21105,0.1213,0.96992,0,1,0
20.155,192478033,509929932,514463721,89159165,270697709,483238877,498348051,0,-2.25263,-0.32898,0.23267,1.02526,-3.10637,0.67074,-0.4948,0.0,-133.49016,-353.89785,57.99971,-0.2113,0.12061,0.96995,0,1,0
20.178,192457426,509934434,514481193,89148944,270707464,483329063,498305310,0,-2.25239,-0.32893,0.23247,1.02514,-3.10625,0.66968,-0.4953,0.0,-133.3924,-353.74047,57.97375,-0.21176,0.11966,0.96997,0,0,0
20.52,192435238,510383030,514077536,89390030,270713827,483760196,498226848,0,-2.25213,-0.32368,0.23719,1.02796,-3.10618,0.66463,-0.49622,0.0,-129.00072,-351.24094,57.78274,-0.22288,0.11149,0.96845,0,0,0
20.559,192429958,510438823,514036431,89424581,270706381,483729761,498269240,0,-2.25207,-0.32303,0.23767,1.02836,-3.10627,0.66499,-0.49572,0.0,-128.58109,-351.0505,57.71566,-0.22364,0.11117,0.96831,0,0,0
20.568,192419603,510511829,513988116,89470782,270683193,483673014,498304056,0,-2.25195,-0.32217,0.23824,1.0289,-3.10654,0.66565,-0.49531,0.0,-128.07234,-350.81113,57.6112,-0.22441,0.11081,0.96817,0,0,0
20.602,192401109,510572475,513946571,89529705,270614492,483537026,498293890,0,-2.25173,-0.32146,0.23872,1.02959,-3.10734,0.66725,-0.49543,0.0,-127.68283,-350.65843,57.53721,-0.22436,0.11099,0.96817,0,1,0
20.647,192372411,510609328,513929161,89603735,270585534,483299420,498342114,0,-2.2514,-0.32103,0.23893,1.03046,-3.10768,0.67003,-0.49487,0.0,-127.45439,-350.65547,57.53651,-0.22363,0.11221,0.96819,0,1,0
20.684,192331211,510636335,513939194,89674471,270594482,483060822,498339702,0,-2.25092,-0.32071,0.23881,1.03129,-3.10758,0.67282,-0.4949,0.0,-127.30345,-350.65904,57.53803,-0.2228,0.1135,0.96823,0,1,0
20.694,192289601,510649468,513957852,89704859,270593596,482967739,498262092,0,-2.25043,-0.32056,0.23859,1.03164,-3.10759,0.67391,-0.4958,0.0,-127.19594,-350.62349,57.5176,-0.2224,0.11379,0.96829,0,1,0
20.73,192252981,510652669,513978981,89708840,270604089,482967013,498223237,0,-2.25,-0.32052,0.23835,1.03169,-3.10746,0.67392,-0.49626,0.0,-127.11319,-350.58355,57.49337,-0.22237,0.11355,0.96833,0,1,0
20.758,192219331,510649245,513998921,89695586,270623468,483026831,498163728,0,-2.24961,-0.32056,0.23811,1.03153,-3.10724,0.67322,-0.49696,0.0,-127.03114,-350.55063,57.47158,-0.22262,0.11298,0.96834,0,1,0
20.782,192197750,510643045,514009242,89674151,270625632,483113223,498125940,0,-2.24935,-0.32064,0.23799,1.03128,-3.10721,0.67221,-0.4974,0.0,-126.97265,-350.52479,57.45447,-0.22293,0.11228,0.96835,0,0,0
20.791,192181629,510638572,514005703,89656134,270642826,483188642,498099634,0,-2.24917,-0.32069,0.23803,1.03107,-3.10701,0.67132,-0.49771,0.0,-126.85647,-350.53928,57.4595,-0.22341,0.1118,0.96829,0,0,0
21.141,192396627,510646764,512984404,89547705,270652850,483328112,498754909,0,-2.25168,-0.32059,0.24999,1.0298,-3.10689,0.66969,-0.49004,0.0,-123.20645,-353.83119,58.51214,-0.23235,0.11805,0.96544,0,0,0
21.165,192376451,510648597,512981476,89541113,270654401,483350613,498749183,0,-2.25145,-0.32057,0.25002,1.02973,-3.10688,0.66943,-0.4901,0.0,-123.09932,-353.86014,58.49781,-0.23252,0.11785,0.96543,0,0,0
21.188,192351715,510650157,512986933,89533312,270653153,483383838,498711312,0,-2.25116,-0.32055,0.24996,1.02963,-3.10689,0.66904,-0.49055,0.0,-123.0064,-353.85337,58.47382,-0.23267,0.11747,0.96543,0,0,0
21.212,192324712,510650155,512992553,89527594,270625734,483409146,498676799,0,-2.25084,-0.32055,0.24989,1.02957,-3.10721,0.66874,-0.49095,0.0,-122.93432,-353.84212,58.45165,-0.23262,0.11707,0.9655,0,1,0
21.249,192292784,510648058,513006553,89530352,270599045,483401886,498689317,0,-2.25047,-0.32058,0.24973,1.0296,-3.10752,0.66883,-0.4908,0.0,-122.89485,-353.83234,58.43891,-0.23234,0.11686,0.96559,0,1,0
21.28,192252343,510645646,513023676,89528866,270583838,483409209,498630828,0,-2.24999,-0.32061,0.24953,1.02958,-3.1077,0.66874,-0.49149,0.0,-122.82194,-353.82918,58.4192,-0.23218,0.11656,0.96567,0,1,0
21.297,192201152,510649370,513034993,89509465,270601855,483485542,498594612,0,-2.24939,-0.32056,0.24939,1.02936,-3.10749,0.66785,-0.49191,0.0,-122.61242,-353.83062,58.36586,-0.23263,0.11582,0.96564,0,1,0
21.336,192173198,510655028,513029011,89488456,270611096,483564316,498612613,0,-2.24907,-0.3205,0.24946,1.02911,-3.10738,0.66693,-0.4917,0.0,-122.4253,-353.84746,58.32189,-0.23317,0.11519,0.96559,0,1,0
21.36,192145821,510660398,513010745,89462199,270616372,483652896,498651781,0,-2.24875,-0.32043,0.24968,1.0288,-3.10732,0.66589,-0.49124,0.0,-122.19431,-353.91397,58.28161,-0.23381,0.11457,0.96551,0,1,0
21.383,192123549,510664438,512986399,89439750,270635564,483714559,498696521,0,-2.24849,-0.32039,0.24996,1.02854,-3.1071,0.66517,-0.49072,0.0,-121.9661,-354.03675,58.25765,-0.23443,0.1143,0.96539,0,1,0
21.766,192126936,510655480,512007074,89047128,270662518,483630372,498993938,0,-2.24852,-0.32049,0.26142,1.02394,-3.10678,0.66615,-0.48724,0.0,-118.86301,-359.92468,58.21001,-0.24006,0.12487,0.96269,0,0,0
21.807,192133621,510653587,511958377,89020581,270655974,483612785,498999593,0,-2.2486,-0.32051,0.26199,1.02363,-3.10686,0.66636,-0.48717,0.0,-118.78498,-360.28451,58.18005,-0.24014,0.1256,0.96258,0,0,0
21.809,192141090,510651155,511907121,88992866,270641710,483590384,498995576,0,-2.24869,-0.32054,0.26259,1.02331,-3.10702,0.66662,-0.48722,0.0,-118.71603,-360.66678,58.14705,-0.24016,0.12638,0.96247,0,0,0
21.828,192153264,510646729,511829868,88962257,270605170,483499135,498988415,0,-2.24883,-0.32059,0.2635,1.02295,-3.10745,0.66769,-0.4873,0.0,-118.66141,-361.28572,58.10462,-0.23982,0.12797,0.96235,0,1,0
21.856,192165697,510641343,511749410,88938709,270580147,483323111,498962049,0,-2.24898,-0.32066,0.26444,1.02268,-3.10774,0.66975,-0.48761,0.0,-118.66134,-362.06067,58.05311,-0.23908,0.1304,0.9622,0,1,0
21.886,192175017,510635963,511683779,88900357,270576322,483225093,498834966,0,-2.24909,-0.32072,0.26521,1.02223,-3.10779,0.6709,-0.4891,0.0,-118.65547,-362.73564,57.97724,-0.23873,0.13219,0.96205,0,1,0
21.907,192183017,510632891,511625945,88850894,270562759,483213217,498724363,0,-2.24918,-0.32075,0.26588,1.02165,-3.10795,0.67104,-0.49039,0.0,-118.6191,-363.26336,57.88574,-0.23874,0.13312,0.96192,0,1,0
21.936,192190415,510634406,511556147,88786655,270547201,483212602,498672790,0,-2.24927,-0.32074,0.2667,1.0209,-3.10813,0.67104,-0.491,0.0,-118.55169,-363.88965,57.74553,-0.23884,0.13411,0.96175,0,1,0
21.959,192191631,510637150,511522030,88748812,270553350,483218229,498629095,0,-2.24928,-0.3207,0.2671,1.02045,-3.10806,0.67098,-0.49151,0.0,-118.50593,-364.23159,57.65295,-0.23899,0.13462,0.96165,0,1,0
21.984,192190913,510638202,511484227,88703576,270562231,483208488,498617889,0,-2.24927,-0.32069,0.26754,1.01992,-3.10795,0.67109,-0.49164,0.0,-118.47917,-364.67736,57.53869,-0.23903,0.1354,0.96153,0,0,0
22.009,192189053,510635351,511463531,88681718,270546445,483181588,498611881,0,-2.24925,-0.32073,0.26778,1.01967,-3.10814,0.67141,-0.49171,0.0,-118.50059,-364.94914,57.48293,-0.23879,0.13596,0.96151,0,0,0
22.329,192222946,510609587,511402336,88620357,270578157,482921004,498724874,0,-2.24965,-0.32103,0.2685,1.01895,-3.10777,0.67446,-0.49039,0.0,-118.90621,-366.16555,57.32869,-0.23726,0.13994,0.96131,0,0,0
22.36,192250473,510605504,511372786,88603166,270568566,482843778,498748815,0,-2.24997,-0.32107,0.26885,1.01875,-3.10788,0.67536,-0.49011,0.0,-119.05376,-366.50956,57.28401,-0.2368,0.14112,0.96125,0,0,0
22.383,192283072,510600616,511342699,88576083,270579867,482782404,498770953,0,-2.25035,-0.32113,0.2692,1.01843,-3.10775,0.67608,-0.48985,0.0,-119.21815,-366.89452,57.22329,-0.23649,0.14235,0.96115,0,1,0
22.412,192324052,510595539,511301500,88540841,270562540,482739470,498769864,0,-2.25083,-0.32119,0.26968,1.01802,-3.10795,0.67658,-0.48986,0.0,-119.39879,-367.30136,57.15244,-0.23615,0.14345,0.96107,0,1,0
22.44,192374805,510591011,511254673,88495605,270555213,482694655,498827605,0,-2.25143,-0.32124,0.27023,1.01749,-3.10804,0.6771,-0.48919,0.0,-119.62116,-367.78768,57.05452,-0.23582,0.14476,0.96095,0,1,0
22.46,192446336,510587450,511192971,88421965,270564865,482703468,498877439,0,-2.25226,-0.32129,0.27095,1.01663,-3.10792,0.677,-0.4886,0.0,-119.87807,-368.37289,56.90798,-0.23585,0.14601,0.96076,0,1,0
22.494,192496305,510586731,511145708,88372821,270540950,482712062,498908806,0,-2.25285,-0.32129,0.2715,1.01605,-3.1082,0.6769,-0.48824,0.0,-120.05155,-368.75129,56.80498,-0.23577,0.14674,0.96067,0,1,0
22.524,192555848,510588420,511098153,88312185,270554117,482712832,498973018,0,-2.25354,-0.32127,0.27206,1.01534,-3.10805,0.67689,-0.48748,0.0,-120.2743,-369.22598,56.659,-0.23579,0.1478,0.9605,0,1,0
22.558,192619667,510588707,511049991,88246196,270560620,482731286,498987009,0,-2.25429,-0.32127,0.27262,1.01457,-3.10797,0.67668,-0.48732,0.0,-120.51948,-369.69442,56.5086,-0.23583,0.14874,0.96035,0,1,0
22.576,192673179,510586713,511013721,88196992,270550690,482716985,499029582,0,-2.25492,-0.32129,0.27305,1.014,-3.10809,0.67684,-0.48682,0.0,-120.77903,-370.09545,56.38738,-0.23557,0.1497,0.96026,0,1,0
22.608,192714451,510584354,510992566,88155556,270561444,482698440,499043173,0,-2.2554,-0.32132,0.2733,1.01351,-3.10796,0.67706,-0.48666,0.0,-121.01756,-370.43604,56.27649,-0.23534,0.15058,0.96018,0,0,0
22.631,192753717,510580896,510973683,88121392,270548870,482652868,499002874,0,-2.25586,-0.32136,0.27352,1.01311,-3.10811,0.67759,-0.48714,0.0,-121.2898,-370.77177,56.17148,-0.23483,0.15156,0.96015,0,0,0
22.655,192787646,510577038,510964451,88105977,270525136,482544217,498947232,0,-2.25626,-0.32141,0.27363,1.01293,-3.10839,0.67887,-0.48779,0.0,-121.6077,-371.09006,56.08381,-0.2339,0.15287,0.96017,0,0,0
22.891,193008826,510524610,510956673,87929901,270586933,482412618,499066802,0,-2.25885,-0.32202,0.27372,1.01087,-3.10767,0.68041,-0.48639,0.0,-123.3634,-372.45663,55.64937,-0.23157,0.15722,0.96003,0,0,0
22.915,193055537,510527274,510932207,87909089,270570458,482421049,499065780,0,-2.25939,-0.32199,0.274,1.01063,-3.10786,0.68031,-0.4864,0.0,-123.52216,-372.57133,55.60199,-0.23154,0.15752,0.95999,0,1,0
22.959,193094715,510528508,510915619,87896272,270566812,482421141,499187598,0,-2.25985,-0.32198,0.2742,1.01048,-3.1079,0.68031,-0.48497,0.0,-123.65978,-372.64782,55.5764,-0.23151,0.15782,0.95995,0,1,0
22.98,193133504,510527365,510898402,87872456,270589497,482485411,499281001,0,-2.26031,-0.32199,0.2744,1.0102,-3.10764,0.67955,-0.48388,0.0,-123.73433,-372.68382,55.56412,-0.23196,0.15773,0.95985,0,1,0
23.007,193186333,510524119,510862347,87832689,270569725,482605865,499384538,0,-2.26092,-0.32203,0.27482,1.00973,-3.10787,0.67814,-0.48267,0.0,-123.81217,-372.72621,55.54945,-0.23254,0.15724,0.95979,0,1,0
23.033,193219877,510523046,510846696,87810391,270569732,482646971,499540194,0,-2.26132,-0.32204,0.275,1.00947,-3.10787,0.67766,-0.48085,0.0,-123.91489,-372.79148,55.52101,-0.23272,0.15724,0.95975,0,1,0
23.06,193267126,510523552,510834709,87783264,270587943,482654982,499556779,0,-2.26187,-0.32203,0.27514,1.00915,-3.10765,0.67757,-0.48065,0.0,-124.13102,-372.93539,55.4521,-0.23272,0.15769,0.95967,0,1,0
23.085,193309474,510523761,510828449,87761406,270598381,482635678,499550809,0,-2.26236,-0.32203,0.27522,1.0089,-3.10753,0.67779,-0.48072,0.0,-124.37555,-373.08814,55.37772,-0.23249,0.15828,0.95963,0,1,0
23.109,193350008,510521697,510823785,87739974,270599235,482621825,499547690,0,-2.26284,-0.32206,0.27527,1.00865,-3.10752,0.67796,-0.48076,0.0,-124.62584,-373.22461,55.31188,-0.23222,0.15879,0.95961,0,0,0
23.138,193390368,510519041,510819584,87717694,270600159,482615480,499512204,0,-2.26331,-0.32209,0.27532,1.00839,-3.10751,0.67803,-0.48117,0.0,-124.87278,-373.35088,55.24878,-0.23198,0.15922,0.9596,0,0,0
23.496,194037609,510342332,511014086,87543268,270627964,482547770,500025319,0,-2.27089,-0.32415,0.27304,1.00634,-3.10718,0.67882,-0.47517,0.0,-129.70836,-373.60262,55.06889,-0.22633,0.16377,0.96018,0,0,0
23.505,194081332,510308379,511077983,87538242,270613658,482546897,500064199,0,-2.2714,-0.32455,0.2723,1.00629,-3.10735,0.67883,-0.47471,0.0,-130.3124,-373.45313,55.09307,-0.22532,0.1638,0.96042,0,0,0
23.536,194102886,510287691,511119669,87539928,270617316,482545779,500032786,0,-2.27165,-0.32479,0.27181,1.00631,-3.10731,0.67885,-0.47508,0.0,-130.64365,-373.33736,55.12383,-0.22479,0.16379,0.96054,0,1,00
23.69,194273241,510027340,511713634,87628499,270642228,482696993,500275396,0,-2.27364,-0.32784,0.26486,1.00734,-3.10702,0.67708,-0.47224,0.0,-134.26312,-370.97956,55.72487,-0.2191,0.16066,0.96239,0,1,0
23.719,194282862,509992453,511852524,87642160,270682012,482718140,500203073,0,-2.27376,-0.32825,0.26323,1.0075,-3.10655,0.67683,-0.47309,0.0,-134.92563,-370.49674,55.73533,-0.21808,0.15996,0.96273,0,0,0
23.733,194291501,509963370,511966025,87650566,270696843,482762838,500107616,0,-2.27386,-0.32859,0.2619,1.0076,-3.10638,0.67631,-0.47421,0.0,-135.46289,-370.05116,55.7459,-0.21729,0.15908,0.96306,0,0,0
224.024,194341550,509868138,513030369,87967134,270853375,483088591,500395678,0,-2.27444,-0.3297,0.24945,1.01131,-3.10455,0.67249,-0.47084,0.0,-139.15924,-364.03959,55.91356,-0.21239,0.14797,0.96592,0,0,0
24.048,194346827,509878095,513112629,88000033,270849276,483139317,500366231,0,-2.27451,-0.32959,0.24848,1.01169,-3.10459,0.6719,-0.47118,0.0,-139.35826,-363.40299,55.8943,-0.21227,0.14657,0.96616,0,0,0
24.079,194348180,509888636,513194867,88033191,270846774,483206890,500362884,0,-2.27452,-0.32946,0.24752,1.01208,-3.10462,0.67111,-0.47122,0.0,-139.51514,-362.73452,55.88361,-0.21228,0.14499,0.96639,0,0,0
24.11,194344301,509897242,513250852,88064059,270844787,483243327,500368343,0,-2.27448,-0.32936,0.24687,1.01244,-3.10465,0.67068,-0.47116,0.0,-139.57984,-362.24883,55.8951,-0.21229,0.14391,0.96655,0,1,0
24.147,194334700,509905932,513295227,88105848,270823738,483251919,500391471,0,-2.27436,-0.32926,0.24635,1.01293,-3.10489,0.67058,-0.47089,0.0,-139.57829,-361.78678,55.94184,-0.2122,0.14298,0.96671,0,1,0
24.168,194317957,509916003,513338658,88150552,270805613,483229082,500472564,0,-2.27417,-0.32914,0.24584,1.01345,-3.10511,0.67085,-0.46994,0.0,-139.56532,-361.38543,55.97904,-0.21197,0.14231,0.96686,0,1,0
24.205,194284572,509927851,513405667,88199057,270807164,483183639,500514586,0,-2.27378,-0.32901,0.24506,1.01402,-3.10509,0.67138,-0.46944,0.0,-139.58395,-360.96365,55.98307,-0.21157,0.1417,0.96704,0,1,0
24.229,194255531,509931522,513454450,88217152,270810132,483174853,500506047,0,-2.27344,-0.32896,0.24448,1.01423,-3.10505,0.67148,-0.46954,0.0,-139.62031,-360.74128,55.95957,-0.21131,0.14122,0.96716,0,1,0
24.25,194221530,509932662,513509081,88224364,270815466,483180333,500498477,0,-2.27304,-0.32895,0.24384,1.01432,-3.10499,0.67142,-0.46963,0.0,-139.68879,-360.55772,55.90833,-0.21101,0.14069,0.96731,0,1,0
24.28,194186321,509935733,513564422,88230690,270816828,483163200,500458036,0,-2.27263,-0.32891,0.2432,1.01439,-3.10497,0.67162,-0.47011,0.0,-139.78615,-360.42014,55.83181,-0.21055,0.14035,0.96746,0,1,0
24.306,194155257,509940039,513616827,88235261,270826242,483139249,500384616,0,-2.27226,-0.32886,0.24258,1.01444,-3.10486,0.6719,-0.47097,0.0,-139.89231,-360.31288,55.7467,-0.21011,0.14014,0.96758,0,0,0
24.332,194124695,509945057,513668702,88239708,270835945,483113027,500288446,0,-2.27191,-0.3288,0.24198,1.0145,-3.10475,0.67221,-0.47209,0.0,-139.99949,-360.2104,55.6579,-0.20966,0.13996,0.96771,0,0,0
24.649,194014773,510009358,513913751,88367206,270882604,483029692,500051904,0,-2.27062,-0.32805,0.23911,1.01599,-3.1042,0.67318,-0.47486,0.0,-140.11189,-358.76678,55.4699,-0.20877,0.13741,0.96826,0,0,0
24.673,194010728,510024279,513915339,88414179,270857345,482940468,500005026,0,-2.27057,-0.32788,0.23909,1.01654,-3.1045,0.67423,-0.47541,0.0,-140.02911,-358.59195,55.51802,-0.20847,0.13758,0.9683,0,0,0
24.703,194000396,510042879,513907905,88490779,270835911,482732950,499935590,0,-2.27045,-0.32766,0.23918,1.01743,-3.10475,0.67666,-0.47622,0.0,-139.9069,-358.50683,55.60781,-0.20773,0.13864,0.96831,0,1,0
24.748,193987022,510060681,513908775,88562700,270828074,482563727,499859204,0,-2.27029,-0.32745,0.23917,1.01828,-3.10484,0.67864,-0.47711,0.0,-139.76931,-358.35886,55.69759,-0.20722,0.13938,0.96832,0,1,0
24.781,193967799,510079643,513921213,88634319,270821305,482445449,499807043,0,-2.27007,-0.32723,0.23902,1.01911,-3.10492,0.68002,-0.47772,0.0,-139.5941,-358.07299,55.79315,-0.20696,0.13953,0.96835,0,1,0
24.795,193937918,510096561,513956178,88688818,270821337,482451469,499818145,0,-2.26972,-0.32703,0.23861,1.01975,-3.10492,0.67995,-0.47759,0.0,-139.38312,-357.58757,55.87279,-0.20723,0.13852,0.96844,0,1,0
24.842,193912243,510108963,513989306,88723850,270838816,482477350,499799328,0,-2.26942,-0.32689,0.23822,1.02016,-3.10472,0.67965,-0.47781,0.0,-139.22248,-357.21039,55.91988,-0.20758,0.13763,0.96849,0,1,0
24.868,193885132,510126048,514025426,88761605,270843969,482470742,499783173,0,-2.2691,-0.32669,0.2378,1.0206,-3.10466,0.67973,-0.478,0.0,-139.10077,-356.85646,55.93244,-0.20768,0.13692,0.96857,0,1,0
24.886,193854710,510146580,514074478,88794327,270861017,482479776,499737684,0,-2.26875,-0.32645,0.23723,1.02099,-3.10446,0.67962,-0.47854,0.0,-139.00459,-356.46255,55.90664,-0.20783,0.13603,0.96866,0,0,0
24.904,193828424,510165902,514113765,88824922,270863212,482466223,499590326,0,-2.26844,-0.32622,0.23677,1.02134,-3.10443,0.67978,-0.48026,0.0,-138.93309,-356.15065,55.87569,-0.2078,0.13541,0.96875,0,0,0
25.29,193459882,510461270,514508386,89252709,270857607,482152002,499281586,0,-2.26412,-0.32276,0.23215,1.02635,-3.1045,0.68346,-0.48387,0.0,-137.36178,-352.47303,55.49197,-0.2079,0.12848,0.96968,0,0,0
25.321,193450638,510489238,514507716,89283819,270849111,482147159,499259390,0,-2.26402,-0.32244,0.23216,1.02671,-3.1046,0.68351,-0.48413,0.0,-137.15489,-352.21084,55.48513,-0.20825,0.12793,0.96967,0,1,0
25.358,193439637,510524577,514501005,89323102,270843445,482151277,499269370,0,-2.26389,-0.32202,0.23224,1.02717,-3.10466,0.68346,-0.48402,0.0,-136.85215,-351.87892,55.49158,-0.20884,0.1272,0.96964,0,1,0
25.378,193428521,510563632,514485422,89366587,270856803,482174079,499287718,0,-2.26376,-0.32156,0.23242,1.02768,-3.10451,0.6832,-0.4838,0.0,-136.4435,-351.5094,55.52594,-0.20979,0.12634,0.96955,0,1,0
25.405,193416184,510619812,514460426,89425014,270870467,482190089,499359758,0,-2.26361,-0.32091,0.23271,1.02837,-3.10435,0.68301,-0.48296,0.0,-135.90044,-351.03984,55.55363,-0.21101,0.12531,0.96942,0,1,0
25.431,193408144,510661930,514442125,89460914,270869143,482211940,499421138,0,-2.26352,-0.32041,0.23293,1.02879,-3.10436,0.68275,-0.48224,0.0,-135.52738,-350.70798,55.54742,-0.21186,0.12447,0.96934,0,1,0
25.464,193390972,510735536,514419878,89516419,270858839,482236074,499436431,0,-2.26332,-0.31955,0.23319,1.02944,-3.10448,0.68247,-0.48206,0.0,-134.95852,-350.17379,55.4878,-0.21308,0.12311,0.96925,0,1,0
25.487,193369460,510810191,514411358,89572055,270867741,482222249,499396746,0,-2.26307,-0.31868,0.23329,1.03009,-3.10438,0.68263,-0.48253,0.0,-134.46207,-349.69083,55.39124,-0.21406,0.1221,0.96916,0,0,0
25.515,193353110,510868743,514403508,89610147,270856333,482214675,499245020,0,-2.26288,-0.31799,0.23338,1.03053,-3.10451,0.68272,-0.4843,0.0,-134.10212,-349.3329,55.2938,-0.21472,0.12125,0.96912,0,0,0
25.538,193335875,510925520,514394188,89652206,270846740,482181693,499113200,0,-2.26267,-0.31733,0.23349,1.03103,-3.10462,0.68311,-0.48584,0.0,-133.75212,-349.01569,55.20712,-0.21526,0.12065,0.96908,0,0,0
25.821,193040035,511352741,514301114,89931918,270854438,482063231,499104478,0,-2.25921,-0.31233,0.23458,1.0343,-3.10453,0.68449,-0.48595,0.0,-130.24601,-346.96506,54.56116,-0.22072,0.11523,0.96851,0,0,0
25.844,193023410,511373200,514295427,89941902,270859696,482062180,499075794,0,-2.25902,-0.31209,0.23464,1.03442,-3.10447,0.68451,-0.48628,0.0,-130.06482,-346.88939,54.52376,-0.22103,0.11498,0.96847,0,0,0
25.868,193010814,511389731,514284000,89948728,270852177,482069520,499005137,0,-2.25887,-0.3119,0.23478,1.0345,-3.10456,0.68442,-0.48711,0.0,-129.89558,-346.83224,54.49949,-0.22131,0.1147,0.96843,0,0,0
25.891,192999272,511403099,514259473,89965423,270826884,482045145,498949818,0,-2.25873,-0.31174,0.23506,1.03469,-3.10486,0.68471,-0.48776,0.0,-129.69897,-346.81735,54.5196,-0.22145,0.11468,0.96841,0,0,0
25.922,192990229,511408458,514233878,89987647,270809760,481992948,498921433,0,-2.25863,-0.31168,0.23536,1.03495,-3.10506,0.68532,-0.48809,0.0,-129.53419,-346.8538,54.58101,-0.22143,0.115,0.96837,0,1,0
25.967,192983159,511407953,514205615,90007738,270793924,481944680,498908250,0,-2.25855,-0.31168,0.23569,1.03519,-3.10524,0.68588,-0.48824,0.0,-129.3808,-346.9191,54.66463,-0.22142,0.11537,0.96833,0,1,0
26.004,192976557,511403994,514168272,90031406,270783675,481887429,498913195,0,-2.25847,-0.31173,0.23613,1.03546,-3.10536,0.68655,-0.48818,0.0,-129.18948,-347.02203,54.7846,-0.22146,0.11591,0.96826,0,1,0
26.01,192968126,511400844,514135859,90049591,270772537,481847605,498944505,0,-2.25837,-0.31177,0.23651,1.03568,-3.10549,0.68702,-0.48782,0.0,-129.01008,-347.10743,54.8838,-0.22153,0.11628,0.9682,0,1,0
26.046,192954883,511402920,514121264,90056129,270768494,481845409,498933570,0,-2.25821,-0.31174,0.23668,1.03575,-3.10554,0.68704,-0.48795,0.0,-128.86807,-347.12759,54.91743,-0.2217,0.11626,0.96816,0,1,0
26.084,192939790,511407958,514108716,90056028,270783886,481872382,498855376,0,-2.25804,-0.31168,0.23683,1.03575,-3.10536,0.68673,-0.48886,0.0,-128.69013,-347.12802,54.93361,-0.22213,0.11605,0.96809,0,1,0
26.106,192922270,511413017,514094398,90050769,270792853,481920548,498768687,0,-2.25783,-0.31162,0.23699,1.03569,-3.10526,0.68616,-0.48988,0.0,-128.49215,-347.12198,54.94308,-0.22264,0.11566,0.96802,0,0,0
26.533,192435284,511700469,513248811,90088094,270841257,482199212,498889297,0,-2.25213,-0.30826,0.24689,1.03613,-3.10469,0.6829,-0.48846,0.0,-121.4409,-348.86177,55.25353,-0.23505,0.11399,0.96528,0,0,0
26.566,192389151,511729273,513192611,90080172,270844347,482209221,498858466,0,-2.25159,-0.30792,0.24755,1.03603,-3.10465,0.68279,-0.48883,0.0,-120.93853,-349.052,55.19162,-0.23584,0.11393,0.96509,0,0,0
26.576,192342169,511759379,513118444,90077181,270814623,482189871,498869093,0,-2.25104,-0.30757,0.24842,1.036,-3.105,0.68301,-0.4887,0.0,-120.39562,-349.30694,55.14136,-0.23645,0.11408,0.96492,0,0,0
26.598,192296645,511785772,513036876,90094079,270782785,482083485,498960577,0,-2.25051,-0.30726,0.24937,1.0362,-3.10537,0.68426,-0.48763,0.0,-119.87214,-349.64898,55.14027,-0.23666,0.11497,0.96477,0,1,0
26.629,192250697,511808778,512953953,90123146,270770514,481917199,499046437,0,-2.24997,-0.30699,0.25034,1.03654,-3.10552,0.6862,-0.48663,0.0,-119.36099,-350.06599,55.17217,-0.23669,0.11645,0.96458,0,1,0
26.657,192184631,511834767,512847918,90149973,270772590,481717871,499080569,0,-2.2492,-0.30669,0.25158,1.03685,-3.10549,0.68854,-0.48623,0.0,-118.68732,-350.66864,55.2019,-0.23684,0.11839,0.96431,0,1,0
26.68,192117103,511855883,512742730,90147976,270776650,481603713,499001573,0,-2.24841,-0.30644,0.25281,1.03683,-3.10544,0.68987,-0.48715,0.0,-118.01512,-351.29112,55.19217,-0.23731,0.1198,0.96402,0,1,0
26.717,192065874,511870140,512647115,90124612,270779977,481567513,498834407,0,-2.24781,-0.30628,0.25393,1.03655,-3.10541,0.6903,-0.48911,0.0,-117.44826,-351.85248,55.16151,-0.23797,0.12069,0.96374,0,1,0
26.741,192023478,511881754,512546724,90090029,270783013,481557486,498734142,0,-2.24731,-0.30614,0.25511,1.03615,-3.10537,0.69041,-0.49028,0.0,-116.90781,-352.44113,55.12156,-0.23873,0.12151,0.96345,0,0,0
26.756,191987753,511891754,512435179,90050463,270786953,481539544,498665916,0,-2.2469,-0.30602,0.25641,1.03569,-3.10532,0.69062,-0.49108,0.0,-116.37153,-353.11037,55.08179,-0.23949,0.12255,0.96313,0,0,0
27.203,191467983,511709436,511159581,90054036,266941036,479703585,498794650,0,-2.24081,-0.30816,0.27134,1.03573,3.13285,0.71211,-0.48957,0.0,-114.60455,-359.83665,55.49266,-0.2153,0.133,0.96745,0,0,0
27.235,191338998,511674390,511214785,90270991,265969614,479300863,499248547,0,-2.2393,-0.30857,0.2707,1.03827,3.12148,0.71682,-0.48426,0.0,-115.15192,-358.71461,55.85081,-0.20757,0.13042,0.96949,0,1,0
27.28,191204477,511641055,511309932,90474559,265260489,478853841,499784277,0,-2.23773,-0.30896,0.26958,1.04065,3.11318,0.72206,-0.47799,0.0,-115.71933,-357.81518,56.15486,-0.20068,0.12917,0.9711,0,1,0
27.317,191018687,511602447,511573257,90651941,265177504,478471880,500328323,0,-2.23555,-0.30941,0.2665,1.04273,3.11221,0.72653,-0.47162,0.0,-116.26404,-356.93969,56.36549,-0.19641,0.12912,0.97198,0,1,0
27.327,190758882,511556865,512016833,90761257,265252031,478489877,500348711,0,-2.23251,-0.30994,0.26131,1.04401,3.11308,0.72632,-0.47139,0.0,-116.90401,-355.3536,56.36538,-0.19377,0.12536,0.97301,0,1,0
27.373,190562976,511529066,512382696,90788258,265265051,478719581,500227156,0,-2.23022,-0.31027,0.25703,1.04432,3.11324,0.72363,-0.47281,0.0,-117.46379,-353.9295,56.20163,-0.19233,0.12055,0.9739,0,1,0
27.391,190350469,511503996,512785468,90813685,265384377,478896412,499994281,0,-2.22773,-0.31056,0.25231,1.04462,3.11463,0.72156,-0.47553,0.0,-118.09398,-352.60461,55.98075,-0.19089,0.11644,0.97468,0,1,0
27.42,190193392,511482951,513057830,90839052,265440211,478945407,499639798,0,-2.2259,-0.31081,0.24913,1.04492,3.11529,0.72098,-0.47968,0.0,-118.56576,-351.8197,55.83881,-0.18933,0.11417,0.97525,0,0,0
0,0,0,0,0,0,0,0,0,-1.787,-0.151,0.635,0.875,1.824,0.906,-2.141,0,95.764,-401.696,8.807,0,0,0,0,0,0
0,0,0,0,0,0,0,0,0,-1.787,-0.151,0.635,0.875,1.824,0.906,-2.141,0,95.764,-401.696,8.807,0,0,0,0,0,1
0,0,0,0,0,0,0,0,0,-1.787,-0.151,0.635,0.875,1.824,0.906,-2.141,0,95.764,-401.696,8.807,0,0,0,0,0,0
