6.606,0,0,0,0,0,0,0,0,-2.73921,0.06159,0.31994,1.13131,2.34826,0.78083,-1.30395,0,-151.87082,-116.05943,-1.50418,0,0,0,0,0,0
6.637,0,0,0,0,0,0,0,0,-2.73821,0.06154,0.31948,1.13149,2.34907,0.78123,-1.306,0,-151.86219,-116.06241,-1.50381,0,0,0,0,0,0
6.668,0,0,0,0,0,0,0,0,-2.73735,0.06159,0.31935,1.13165,2.34903,0.782,-1.30537,0,-151.86202,-116.06064,-1.5055,0,0,0,0,1,0
6.703,0,0,0,0,0,0,0,0,-2.73648,0.06177,0.3194,1.132,2.34915,0.78351,-1.30174,0,-151.86713,-116.05075,-1.50559,0,0,0,0,1,0
6.732,0,0,0,0,0,0,0,0,-2.73557,0.06181,0.31893,1.13238,2.35077,0.78444,-1.30034,0,-151.86834,-116.03963,-1.50479,0,0,0,0,1,0
6.776,0,0,0,0,0,0,0,0,-2.73455,0.06171,0.31803,1.13272,2.35335,0.78473,-1.30265,0,-151.85964,-116.03597,-1.50484,0,0,0,0,1,0
6.798,0,0,0,0,0,0,0,0,-2.73346,0.06162,0.31684,1.13302,2.35714,0.78404,-1.31,0,-151.70446,-116.1055,-1.50407,0,0,0,0,1,0
6.828,0,0,0,0,0,0,0,0,-2.73222,0.06157,0.31522,1.13305,2.36287,0.7806,-1.32189,0,-151.13828,-116.39699,-1.50426,0,0,0,0,0,0
6.856,0,0,0,0,0,0,0,0,-2.73108,0.06163,0.31443,1.13264,2.36654,0.77608,-1.32948,0,-150.36013,-116.90803,-1.50466,0,0,0,0,0,0
6.887,0,0,0,0,0,0,0,0,-2.7299,0.06176,0.31484,1.13189,2.3669,0.77182,-1.32859,0,-149.53665,-117.60054,-1.50341,0,0,0,0,0,0
6.918,0,0,0,0,0,0,0,0,-2.72864,0.06185,0.315,1.13048,2.36907,0.76325,-1.3276,0,-148.14157,-118.72906,-1.50161,0,0,0,0,0,0
6.949,0,0,0,0,0,0,0,0,-2.7273,0.06185,0.31563,1.12819,2.37115,0.75066,-1.32613,0,-146.21798,-120.43021,-1.50613,0,0,0,0,0,0
6.981,0,0,0,0,0,0,0,0,-2.72595,0.06199,0.31789,1.12516,2.3701,0.73653,-1.32334,0,-143.9558,-122.68662,-1.51027,0,0,0,0,0,0
7.012,0,0,0,0,0,0,0,0,-2.72453,0.06222,0.32188,1.12198,2.36649,0.72366,-1.32139,0,-141.66991,-125.37825,-1.50932,0,0,0,0,0,0
7.043,0,0,0,0,0,0,0,0,-2.72304,0.06255,0.32743,1.11914,2.36094,0.71427,-1.3216,0,-139.61836,-128.29422,-1.50844,0,0,0,0,0,0
7.074,0,0,0,0,0,0,0,0,-2.72146,0.06312,0.33431,1.11702,2.35495,0.70926,-1.32395,0,-137.82553,-131.32673,-1.51791,0,0,0,0,0,0
7.106,0,0,0,0,0,0,0,0,-2.71973,0.06392,0.34198,1.11577,2.35057,0.70802,-1.33002,0,-136.18458,-134.43626,-1.51141,0,0,0,0,0,0
7.138,0,0,0,0,0,0,0,0,-2.71792,0.06482,0.34882,1.11519,2.34963,0.70831,-1.34104,0,-134.67976,-137.30717,-1.51206,0,0,0,0,0,0
7.169,0,0,0,0,0,0,0,0,-2.71604,0.06588,0.35511,1.11498,2.34962,0.70956,-1.35406,0,-133.25501,-139.89338,-1.50875,0,0,0,0,0,0
7.2,0,0,0,0,0,0,0,0,-2.71419,0.06695,0.36071,1.11548,2.35134,0.71319,-1.36726,0,-132.14288,-142.08212,-1.50864,0,0,0,0,1,0
7.234,0,0,0,0,0,0,0,0,-2.71221,0.06821,0.36692,1.11731,2.35351,0.72327,-1.38036,0,-131.60589,-143.93392,-1.50894,0,0,0,0,1,0
7.269,0,0,0,0,0,0,0,0,-2.71049,0.06923,0.37097,1.11942,2.35745,0.73297,-1.39538,0,-131.40306,-145.07254,-1.50928,0,0,0,0,1,0
7.29,0,0,0,0,0,0,0,0,-2.70875,0.07017,0.37372,1.12173,2.36379,0.74198,-1.4145,0,-131.23981,-145.94686,-1.50412,0,0,0,0,1,0
7.329,0,0,0,0,0,0,0,0,-2.70744,0.07078,0.37487,1.12355,2.37128,0.74776,-1.43148,0,-131.06825,-146.5736,-1.50534,0,0,0,0,1,0
7.352,0,0,0,0,0,0,0,0,-2.70636,0.07116,0.37533,1.12513,2.38058,0.75163,-1.45132,0,-130.82109,-147.27635,-1.50397,0,0,0,0,1,0
7.383,0,0,0,0,0,0,0,0,-2.70585,0.07128,0.37568,1.12602,2.38872,0.75298,-1.46899,0,-130.5127,-148.05374,-1.50392,0,0,0,0,0,0
7.408,0,0,0,0,0,0,0,0,-2.70575,0.07125,0.37689,1.12675,2.3965,0.75466,-1.48641,0,-130.27372,-149.15074,-1.50412,0,0,0,0,0,0
7.432,0,0,0,0,0,0,0,0,-2.70618,0.07107,0.37944,1.12729,2.40028,0.75802,-1.49597,0,-130.34015,-150.32199,-1.50347,0,0,0,0,0,0
7.457,0,0,0,0,0,0,0,0,-2.70696,0.07085,0.38273,1.1275,2.40238,0.76104,-1.50278,0,-130.40607,-151.67063,-1.50316,0,0,0,0,0,0
7.468,0,0,0,0,0,0,0,0,-2.70838,0.07053,0.38807,1.12713,2.40349,0.76335,-1.51151,0,-130.29981,-153.85366,-1.49935,0,0,0,0,0,0
7.505,0,0,0,0,0,0,0,0,-2.71,0.07022,0.39401,1.1262,2.40187,0.76455,-1.51575,0,-130.11661,-156.12853,-1.49816,0,0,0,0,0,0
7.536,0,0,0,0,0,0,0,0,-2.71177,0.06988,0.40058,1.12467,2.39827,0.76428,-1.51617,0,-129.80286,-158.64204,-1.49903,0,0,0,0,0,0
7.567,0,0,0,0,0,0,0,0,-2.71351,0.06947,0.4075,1.12276,2.39311,0.76329,-1.51429,0,-129.45732,-161.2768,-1.49801,0,0,0,0,0,0
7.599,0,0,0,0,0,0,0,0,-2.7151,0.06908,0.41429,1.12073,2.38862,0.76165,-1.5129,0,-129.01098,-164.00387,-1.50041,0,0,0,0,0,0
7.63,0,0,0,0,0,0,0,0,-2.7165,0.06883,0.42115,1.1189,2.38384,0.76098,-1.51132,0,-128.61005,-166.66375,-1.49726,0,0,0,0,0,0
7.66,0,0,0,0,0,0,0,0,-2.71774,0.06871,0.42825,1.11715,2.37935,0.76079,-1.51121,0,-128.15612,-169.41904,-1.49513,0,0,0,0,0,0
7.691,0,0,0,0,0,0,0,0,-2.71876,0.06873,0.43516,1.11545,2.37488,0.76062,-1.5123,0,-127.64796,-172.09729,-1.49645,0,0,0,0,0,0
7.723,0,0,0,0,0,0,0,0,-2.71956,0.06885,0.44127,1.11376,2.37091,0.75963,-1.51392,0,-127.05152,-174.54882,-1.49407,0,0,0,0,0,0
7.754,0,0,0,0,0,0,0,0,-2.72018,0.06893,0.44649,1.11204,2.3678,0.7576,-1.51628,0,-126.39823,-176.80944,-1.49096,0,0,0,0,0,0
7.785,0,0,0,0,0,0,0,0,-2.72078,0.06897,0.45121,1.11065,2.36518,0.75666,-1.51637,0,-125.94275,-178.80734,-1.49296,0,0,0,0,1,0
7.829,0,0,0,0,0,0,0,0,-2.72142,0.06906,0.45565,1.10988,2.3604,0.7588,-1.51054,0,-125.93001,-180.16068,-1.49044,0,0,0,0,1,0
7.853,0,0,0,0,0,0,0,0,-2.72214,0.06908,0.45984,1.10935,2.35626,0.76176,-1.50582,0,-126.07331,-181.38425,-1.48754,0,0,0,0,1,0
7.876,0,0,0,0,0,0,0,0,-2.72274,0.06898,0.46216,1.10917,2.35525,0.76372,-1.5073,0,-126.23915,-182.15745,-1.48386,0,0,0,0,1,0
7.911,0,0,0,0,0,0,0,0,-2.72356,0.06887,0.46384,1.10923,2.35587,0.76566,-1.51256,0,-126.47135,-182.75621,-1.48267,0,0,0,0,1,0
7.955,0,0,0,0,0,0,0,0,-2.72434,0.06881,0.46443,1.1095,2.35813,0.76689,-1.51786,0,-126.65478,-183.04747,-1.4815,0,0,0,0,0,0
7.978,0,0,0,0,0,0,0,0,-2.72519,0.06875,0.46418,1.10991,2.3624,0.76732,-1.52418,0,-126.78701,-183.19251,-1.47896,0,0,0,0,0,0
7.995,0,0,0,0,0,0,0,0,-2.72663,0.06857,0.46338,1.1105,2.36752,0.76795,-1.53079,0,-127.13212,-183.09966,-1.47629,0,0,0,0,0,0
8.027,0,0,0,0,0,0,0,0,-2.72829,0.0683,0.46338,1.11104,2.36618,0.77122,-1.52915,0,-127.9804,-182.52349,-1.47938,0,0,0,0,0,0
8.06,0,0,0,0,0,0,0,0,-2.73,0.06794,0.46252,1.11172,2.36476,0.77442,-1.52779,0,-128.96343,-181.55385,-1.4806,0,0,0,0,0,0
8.091,0,0,0,0,0,0,0,0,-2.73173,0.06737,0.46048,1.11252,2.36302,0.77752,-1.52398,0,-130.16515,-180.06338,-1.4842,0,0,0,0,0,0
8.122,0,0,0,0,0,0,0,0,-2.73339,0.06646,0.45622,1.11338,2.36355,0.77856,-1.51753,0,-131.41566,-178.0282,-1.48351,0,0,0,0,0,0
8.153,0,0,0,0,0,0,0,0,-2.73505,0.06531,0.44997,1.11435,2.36656,0.77788,-1.51098,0,-132.69921,-175.52236,-1.48585,0,0,0,0,0,0
8.185,0,0,0,0,0,0,0,0,-2.73684,0.0641,0.4426,1.11552,2.3706,0.77699,-1.50325,0,-134.09478,-172.61762,-1.48757,0,0,0,0,0,0
8.216,0,0,0,0,0,0,0,0,-2.73875,0.06293,0.43464,1.11684,2.37462,0.77635,-1.49405,0,-135.59018,-169.38985,-1.48881,0,0,0,0,0,0
8.247,0,0,0,0,0,0,0,0,-2.74075,0.06176,0.42632,1.11816,2.3779,0.77589,-1.4838,0,-137.18213,-165.91905,-1.48936,0,0,0,0,0,0
8.278,0,0,0,0,0,0,0,0,-2.74279,0.06073,0.41797,1.11924,2.38094,0.77442,-1.47456,0,-138.61741,-162.47584,-1.49486,0,0,0,0,0,0
8.31,0,0,0,0,0,0,0,0,-2.74484,0.0598,0.41003,1.12008,2.38466,0.77189,-1.46883,0,-139.811,-159.35855,-1.49201,0,0,0,0,0,0
8.341,0,0,0,0,0,0,0,0,-2.74687,0.05891,0.40312,1.1206,2.38906,0.76862,-1.46713,0,-140.75767,-156.85192,-1.49108,0,0,0,0,0,0
8.372,0,0,0,0,0,0,0,0,-2.7489,0.05804,0.39769,1.12077,2.39247,0.76542,-1.46566,0,-141.58015,-154.92623,-1.49564,0,0,0,0,0,0
8.403,0,0,0,0,0,0,0,0,-2.75084,0.05735,0.39396,1.12123,2.39782,0.76399,-1.46473,0,-142.26158,-153.75776,-1.49313,0,0,0,0,1,0
8.439,0,0,0,0,0,0,0,0,-2.75261,0.05679,0.39208,1.12208,2.40336,0.76566,-1.46605,0,-143.0167,-153.16655,-1.49153,0,0,0,0,1,0
8.472,0,0,0,0,0,0,0,0,-2.75392,0.05619,0.3925,1.12334,2.40415,0.77281,-1.4688,0,-144.27214,-152.77714,-1.49637,0,0,0,0,1,0
8.498,0,0,0,0,0,0,0,0,-2.7551,0.05508,0.39593,1.1261,2.40136,0.79191,-1.47425,0,-146.98513,-152.55845,-1.49759,0,0,0,0,0,0
8.54,0,0,0,0,0,0,0,0,-2.75564,0.05384,0.39868,1.12907,2.40343,0.81048,-1.47976,0,-149.57241,-152.72397,-1.50213,0,0,0,0,0,0
8.564,0,0,0,0,0,0,0,0,-2.75593,0.05215,0.40163,1.13282,2.40758,0.83365,-1.48377,0,-152.87549,-153.05678,-1.49824,0,0,0,0,0,0
8.594,0,0,0,0,0,0,0,0,-2.75615,0.04925,0.40798,1.13873,2.40749,0.87637,-1.48304,0,-159.20304,-153.53828,-1.49401,0,0,0,0,0,0
8.619,0,0,0,0,0,0,0,0,-2.7564,0.04588,0.41734,1.14511,2.40043,0.92998,-1.47712,0,-167.43835,-154.22193,-1.30503,0,0,0,0,0,0
8.643,0,0,0,0,0,0,0,0,-2.75672,0.04131,0.42895,1.15239,2.39046,0.99073,-1.47145,0,-177.16093,-155.31835,-0.20801,0,0,0,0,0,0
8.668,0,0,0,0,0,0,0,0,-2.75715,0.0352,0.44206,1.16002,2.37595,1.05117,-1.46915,0,-187.36278,-156.46956,2.3527,0,0,0,0,0,0
8.68,0,0,0,0,0,0,0,0,-2.75792,0.02399,0.46369,1.17054,2.34561,1.13512,-1.46299,0,-202.49165,-158.12094,8.34628,0,0,0,0,0,0
8.716,0,0,0,0,0,0,0,0,-2.75868,0.01029,0.48647,1.18033,2.31407,1.21914,-1.44829,0,-218.80832,-160.46404,16.18668,0,0,0,0,0,0
8.747,0,0,0,0,0,0,0,0,-2.75948,-0.00593,0.50839,1.18915,2.28693,1.30303,-1.43089,0,-236.40402,-163.81941,25.51435,0,0,0,0,0,0
8.778,0,0,0,0,0,0,0,0,-2.76024,-0.02436,0.52642,1.19597,2.26804,1.37888,-1.41466,0,-253.98703,-168.09009,35.54784,0,0,0,0,0,0
8.81,0,0,0,0,0,0,0,0,-2.76059,-0.04494,0.53711,1.20002,2.26275,1.43814,-1.4027,0,-270.18982,-173.28017,45.12141,0,0,0,0,0,0
8.841,0,0,0,0,0,0,0,0,-2.76029,-0.0679,0.54014,1.20111,2.27177,1.48281,-1.38887,0,-285.49829,-179.68295,53.83697,0,0,0,0,0,0
9.965,0,0,0,0,0,0,0,0,-2.55714,-0.51475,0.35362,0.7435,1.4696,0.4847,0.09096,0,-358.57039,-387.18645,114.93641,0,0,0,0,0,0
9.996,0,0,0,0,0,0,0,0,-2.55498,-0.51232,0.37448,0.72542,1.51013,0.51622,0.08658,0,-365.25058,-402.65136,114.40235,0,0,0,0,0,0
10.028,0,0,0,0,0,0,0,0,-2.55284,-0.50992,0.39252,0.70984,1.52719,0.54445,0.07276,0,-370.00815,-415.36993,114.44311,0,0,0,0,0,0
10.059,0,0,0,0,0,0,0,0,-2.55054,-0.50729,0.40861,0.69581,1.53228,0.56436,0.05036,0,-372.57288,-427.20324,114.55166,0,0,0,0,0,1
10.09,0,0,0,0,0,0,0,0,-2.54835,-0.50422,0.42248,0.68524,1.54154,0.57652,0.00759,0,-373.21342,-437.67724,114.31834,0,0,0,0,0,1
10.13,0,0,0,0,0,0,0,0,-2.5462,-0.50107,0.4322,0.67896,1.56419,0.57869,-0.0516,0,-372.53724,-446.52254,113.45034,0,0,0,0,0,1
10.149,0,0,0,0,0,0,0,0,-2.54376,-0.49742,0.43971,0.67479,1.61017,0.57264,-0.12054,0,-371.311,-456.11938,111.81853,0,0,0,0,0,1
10.182,0,0,0,0,0,0,0,0,-2.54096,-0.49288,0.44782,0.67074,1.64399,0.56609,-0.177,0,-368.44994,-465.15127,110.03462,0,0,0,0,0,1
10.206,0,0,0,0,0,0,0,0,-2.53885,-0.48869,0.45739,0.66695,1.62866,0.56906,-0.19446,0,-364.29823,-469.81694,109.21438,0,0,0,0,0,1
12.068,0,0,0,0,0,0,0,0,-2.1379,0.02815,0.7673,1.10467,1.71732,1.14485,-1.96162,0,-24.08427,-260.30828,54.39513,0,0,0,0,0,0
12.098,0,0,0,0,0,0,0,0,-2.13813,0.02806,0.76726,1.10491,1.71848,1.14468,-1.96666,0,-24.09037,-260.34592,54.39414,0,0,0,0,0,0
12.129,0,0,0,0,0,0,0,0,-2.13839,0.02795,0.76714,1.1058,1.72198,1.14478,-1.97621,0,-24.09872,-260.39486,54.39396,0,0,0,0,0,0
12.16,0,0,0,0,0,0,0,0,-2.13873,0.02784,0.76689,1.10645,1.72463,1.14435,-1.98481,0,-24.09493,-260.37347,54.3946,0,0,0,0,0,0
12.191,0,0,0,0,0,0,0,0,-2.13916,0.02777,0.76677,1.10687,1.72647,1.14391,-1.99169,0,-24.0931,-260.36418,54.39404,0,0,0,0,0,0
12.223,0,0,0,0,0,0,0,0,-2.13962,0.02773,0.7668,1.10672,1.72623,1.1433,-1.9969,0,-24.09516,-260.37002,54.39312,0,0,0,0,1,0
12.257,0,0,0,0,0,0,0,0,-2.14008,0.02773,0.76697,1.10618,1.7246,1.14273,-1.99983,0,-24.09943,-260.39455,54.39273,0,0,0,0,1,0
12.292,0,0,0,0,0,0,0,0,-2.14044,0.0277,0.76699,1.10643,1.72572,1.14252,-1.99787,0,-24.10327,-260.41086,54.3919,0,0,0,0,1,0
12.326,0,0,0,0,0,0,0,0,-2.14076,0.02762,0.76681,1.10706,1.72829,1.14226,-1.99538,0,-24.10238,-260.41043,54.39258,0,0,0,0,1,0
12.362,0,0,0,0,0,0,0,0,-2.14111,0.02754,0.76679,1.10734,1.72963,1.14202,-1.99661,0,-24.10967,-260.44568,54.3919,0,0,0,0,1,0
12.399,0,0,0,0,0,0,0,0,-2.1416,0.02746,0.76723,1.10743,1.73055,1.14253,-2.00074,0,-24.15507,-260.66481,54.38926,0,0,0,0,0,0
12.424,0,0,0,0,0,0,0,0,-2.14224,0.02736,0.76834,1.10727,1.73102,1.1442,-2.00745,0,-24.26623,-261.16587,54.37959,0,0,0,0,0,0
12.683,0,0,0,0,0,0,0,0,-2.16385,0.02073,0.79026,1.09245,1.70897,1.17201,-1.98263,0,-29.6653,-273.11792,54.40354,0,0,0,0,0,0
12.716,0,0,0,0,0,0,0,0,-2.16648,0.01971,0.78977,1.09166,1.7092,1.168,-1.97649,0,-29.83586,-273.35267,54.4086,0,0,0,0,0,0
12.746,0,0,0,0,0,0,0,0,-2.16891,0.0189,0.78907,1.09136,1.71065,1.16356,-1.97362,0,-29.86722,-273.39602,54.40932,0,0,0,0,0,0
12.777,0,0,0,0,0,0,0,0,-2.17102,0.0184,0.7887,1.09139,1.71257,1.16034,-1.97125,0,-29.89516,-273.43217,54.4103,0,0,0,0,0,0
12.809,0,0,0,0,0,0,0,0,-2.17275,0.01818,0.78866,1.09142,1.71395,1.15822,-1.96701,0,-29.92046,-273.46659,54.41148,0,0,0,0,1,0
12.843,0,0,0,0,0,0,0,0,-2.17417,0.0182,0.78897,1.09136,1.71443,1.15714,-1.95922,0,-29.95635,-273.51414,54.4123,0,0,0,0,1,0
12.878,0,0,0,0,0,0,0,0,-2.17508,0.01828,0.78936,1.09132,1.71468,1.15694,-1.95188,0,-30.0123,-273.58809,54.4147,0,0,0,0,1,0
12.9,0,0,0,0,0,0,0,0,-2.17583,0.01825,0.78988,1.0913,1.71509,1.15764,-1.94867,0,-30.17644,-273.80273,54.41943,0,0,0,0,1,0
12.935,0,0,0,0,0,0,0,0,-2.17674,0.01814,0.79149,1.09093,1.71481,1.16196,-1.95249,0,-30.78605,-274.57403,54.40983,0,0,0,0,1,0
12.97,0,0,0,0,0,0,0,0,-2.17786,0.01799,0.79415,1.08992,1.71245,1.16962,-1.95922,0,-31.86386,-275.82804,54.41144,0,0,0,0,0,0
12.996,0,0,0,0,0,0,0,0,-2.17944,0.01777,0.79794,1.08792,1.70685,1.18101,-1.96202,0,-33.58889,-277.60161,54.44418,0,0,0,0,0,0
13.371,0,0,0,0,0,0,0,0,-2.21508,0.00846,0.80575,1.07422,1.68471,1.21613,-1.87487,0,-50.19602,-286.03763,54.35451,0,0,0,0,0,0
13.403,0,0,0,0,0,0,0,0,-2.21603,0.00859,0.80617,1.07321,1.68156,1.21542,-1.87426,0,-50.26687,-286.05004,54.35368,0,0,0,0,1,0
13.437,0,0,0,0,0,0,0,0,-2.21664,0.00874,0.80655,1.07214,1.6781,1.21488,-1.87286,0,-50.29581,-286.05524,54.35203,0,0,0,0,1,0
13.472,0,0,0,0,0,0,0,0,-2.217,0.00886,0.80683,1.07154,1.67609,1.21473,-1.87483,0,-50.32143,-286.06051,54.35321,0,0,0,0,1,0
13.494,0,0,0,0,0,0,0,0,-2.21725,0.00882,0.80683,1.07144,1.67589,1.21442,-1.87754,0,-50.34166,-286.06443,54.3557,0,0,0,0,1,0
13.532,0,0,0,0,0,0,0,0,-2.21748,0.00865,0.80666,1.07136,1.67592,1.21389,-1.88185,0,-50.38044,-286.07066,54.35791,0,0,0,0,1,0
13.555,0,0,0,0,0,0,0,0,-2.21781,0.00848,0.80652,1.07125,1.67584,1.21348,-1.88566,0,-50.46389,-286.08474,54.36049,0,0,0,0,0,0
13.582,0,0,0,0,0,0,0,0,-2.2183,0.0085,0.80667,1.07104,1.6752,1.21381,-1.88548,0,-50.63717,-286.1144,54.36054,0,0,0,0,0,0
13.613,0,0,0,0,0,0,0,0,-2.2191,0.00861,0.80696,1.07083,1.67417,1.21669,-1.88139,0,-51.38084,-286.23155,54.34702,0,0,0,0,0,0
13.645,0,0,0,0,0,0,0,0,-2.22009,0.00844,0.80686,1.07125,1.67499,1.22158,-1.87571,0,-52.70478,-286.39254,54.35106,0,0,0,0,0,0
13.676,0,0,0,0,0,0,0,0,-2.22145,0.00822,0.80668,1.07167,1.67662,1.22317,-1.87559,0,-53.45426,-286.45984,54.33954,0,0,0,0,0,0
13.707,0,0,0,0,0,0,0,0,-2.22317,0.00826,0.80707,1.07171,1.67739,1.22181,-1.8775,0,-53.51302,-286.46487,54.33971,0,0,0,0,0,0
13.738,0,0,0,0,0,0,0,0,-2.22506,0.0084,0.80761,1.07171,1.67802,1.22039,-1.8764,0,-53.54003,-286.46723,54.33804,0,0,0,0,0,0
13.77,0,0,0,0,0,0,0,0,-2.22686,0.00855,0.80815,1.07153,1.67803,1.21894,-1.87401,0,-53.56278,-286.46882,54.33458,0,0,0,0,0,0
13.801,0,0,0,0,0,0,0,0,-2.22852,0.00873,0.80872,1.07119,1.6774,1.21767,-1.87292,0,-53.57894,-286.47088,54.33312,0,0,0,0,0,0
13.832,0,0,0,0,0,0,0,0,-2.22995,0.00882,0.80912,1.07098,1.6772,1.21642,-1.87292,0,-53.59553,-286.47196,54.33403,0,0,0,0,0,0
13.863,0,0,0,0,0,0,0,0,-2.2311,0.00867,0.80913,1.07105,1.67811,1.21494,-1.87209,0,-53.61038,-286.47267,54.33557,0,0,0,0,0,0
13.895,0,0,0,0,0,0,0,0,-2.23194,0.00846,0.809,1.07114,1.67907,1.21363,-1.86989,0,-53.62792,-286.4735,54.33686,0,0,0,0,0,0
13.926,0,0,0,0,0,0,0,0,-2.23258,0.00839,0.80903,1.07105,1.67909,1.21288,-1.86772,0,-53.65104,-286.47513,54.33879,0,0,0,0,0,0
13.957,0,0,0,0,0,0,0,0,-2.233,0.00842,0.80916,1.07084,1.67847,1.21274,-1.86494,0,-53.71968,-286.47964,54.34052,0,0,0,0,0,0
13.988,0,0,0,0,0,0,0,0,-2.23333,0.00848,0.80931,1.07049,1.67724,1.21298,-1.86288,0,-53.84039,-286.48748,54.3424,0,0,0,0,0,0
14.019,0,0,0,0,0,0,0,0,-2.23361,0.0086,0.80956,1.06992,1.67531,1.21295,-1.86283,0,-53.88159,-286.49049,54.34177,0,0,0,0,0,0
14.052,0,0,0,0,0,0,0,0,-2.23396,0.00861,0.80967,1.0694,1.67369,1.21258,-1.86689,0,-53.91898,-286.493,54.34347,0,0,0,0,0,0
14.082,0,0,0,0,0,0,0,0,-2.23436,0.00846,0.80955,1.06911,1.67299,1.21213,-1.86927,0,-54.02457,-286.49836,54.34772,0,0,0,0,1,0
14.117,0,0,0,0,0,0,0,0,-2.23488,0.00841,0.8096,1.06857,1.67135,1.21176,-1.86791,0,-54.13926,-286.50494,54.34938,0,0,0,0,1,0
14.152,0,0,0,0,0,0,0,0,-2.23566,0.00856,0.80996,1.06803,1.6697,1.21126,-1.86571,0,-54.17199,-286.50727,54.34999,0,0,0,0,1,0
14.185,0,0,0,0,0,0,0,0,-2.23645,0.00861,0.81018,1.06777,1.66899,1.211,-1.85903,0,-54.28769,-286.51316,54.35093,0,0,0,0,1,0
14.228,0,0,0,0,0,0,0,0,-2.237,0.00857,0.81023,1.06733,1.66784,1.21024,-1.85472,0,-54.31226,-286.51422,54.34962,0,0,0,0,1,0
14.247,0,0,0,0,0,0,0,0,-2.23772,0.00851,0.8103,1.06704,1.66724,1.20935,-1.85254,0,-54.3365,-286.51576,54.35063,0,0,0,0,1,0
14.29,0,0,0,0,0,0,0,0,-2.2382,0.00848,0.81034,1.06713,1.66774,1.20897,-1.84867,0,-54.37473,-286.51681,54.35109,0,0,0,0,1,0
14.311,0,0,0,0,0,0,0,0,-2.23866,0.00852,0.81047,1.06689,1.66711,1.20856,-1.84643,0,-54.39206,-286.51823,54.34916,0,0,0,0,1,0
14.344,0,0,0,0,0,0,0,0,-2.23889,0.00856,0.81057,1.06688,1.66712,1.2085,-1.84871,0,-54.40923,-286.51968,54.3504,0,0,0,0,1,0
14.375,0,0,0,0,0,0,0,0,-2.23897,0.00849,0.81048,1.06726,1.66848,1.20845,-1.85095,0,-54.42249,-286.52084,54.35195,0,0,0,0,0,0
14.404,0,0,0,0,0,0,0,0,-2.23889,0.00825,0.81012,1.06791,1.67087,1.20823,-1.85317,0,-54.43322,-286.52098,54.35472,0,0,0,0,0,0
14.435,0,0,0,0,0,0,0,0,-2.23884,0.00796,0.80971,1.06835,1.67264,1.20778,-1.85134,0,-54.44496,-286.52232,54.35808,0,0,0,0,0,0
14.809,0,0,0,0,0,0,0,0,-2.26715,-0.09291,0.88715,1.06782,1.57817,1.51457,-1.54805,0,-124.99287,-328.91158,107.54191,0,0,0,0,0,1
14.84,0,0,0,0,0,0,0,0,-2.27105,-0.11109,0.89094,1.06216,1.57661,1.51652,-1.53325,0,-128.51653,-335.5812,112.95496,0,0,0,0,0,1
14.873,0,0,0,0,0,0,0,0,-2.27415,-0.12853,0.89367,1.05699,1.57727,1.5109,-1.52878,0,-130.43578,-341.54298,117.66459,0,0,0,0,0,1
14.897,0,0,0,0,0,0,0,0,-2.27592,-0.14456,0.89501,1.05425,1.59017,1.51905,-1.5101,0,-134.38655,-348.95477,122.00755,0,0,0,0,0,1
14.941,0,0,0,0,0,0,0,0,-2.2766,-0.15688,0.89564,1.05231,1.60348,1.53627,-1.48583,0,-139.27241,-355.89112,125.86492,0,0,0,0,0,1
14.953,0,0,0,0,0,0,0,0,-2.27711,-0.1725,0.89595,1.04746,1.61192,1.54961,-1.46718,0,-144.04795,-363.67981,130.71628,0,0,0,0,0,1
14.989,0,0,0,0,0,0,0,0,-2.27753,-0.18552,0.8967,1.04123,1.61361,1.54813,-1.45842,0,-145.63065,-369.53543,134.15025,0,0,0,0,0,0
15.021,0,0,0,0,0,0,0,0,-2.27796,-0.19714,0.89803,1.03532,1.62063,1.53742,-1.44902,0,-144.93233,-375.54609,136.21315,0,0,0,0,0,0
15.052,0,0,0,0,0,0,0,0,-2.27847,-0.20736,0.90063,1.02873,1.62758,1.51578,-1.43872,0,-141.58419,-381.31256,137.13565,0,0,0,0,0,0
15.083,0,0,0,0,0,0,0,0,-2.27905,-0.21548,0.90563,1.02039,1.62823,1.48347,-1.42734,0,-135.31302,-386.46483,137.19117,0,0,0,0,0,0
15.114,0,0,0,0,0,0,0,0,-2.27936,-0.22062,0.91475,1.01036,1.61852,1.44896,-1.40756,0,-126.96651,-391.04418,137.27181,0,0,0,0,0,0
15.146,0,0,0,0,0,0,0,0,-2.27926,-0.22205,0.92805,0.99977,1.59979,1.41539,-1.38467,0,-116.83739,-394.79943,137.51643,0,0,0,0,0,0
15.177,0,0,0,0,0,0,0,0,-2.27848,-0.22006,0.94323,0.98971,1.57718,1.37638,-1.37015,0,-104.10959,-397.45037,137.31896,0,0,0,0,0,0
15.208,0,0,0,0,0,0,0,0,-2.27624,-0.21565,0.9577,0.98035,1.55375,1.33027,-1.36204,0,-88.98211,-399.16473,136.57469,0,0,0,0,0,0
15.239,0,0,0,0,0,0,0,0,-2.27224,-0.2092,0.97057,0.9716,1.52801,1.27873,-1.35697,0,-72.01798,-399.75585,135.63372,0,0,0,0,0,0
15.271,0,0,0,0,0,0,0,0,-2.26649,-0.20108,0.98076,0.96422,1.50412,1.22107,-1.35683,0,-53.43713,-399.39236,134.41256,0,0,0,0,0,0
15.302,0,0,0,0,0,0,0,0,-2.25913,-0.19125,0.98899,0.9584,1.48206,1.16432,-1.35259,0,-34.62186,-398.21376,133.26518,0,0,0,0,0,0
15.333,0,0,0,0,0,0,0,0,-2.25021,-0.17993,0.99573,0.95355,1.45549,1.10698,-1.34237,0,-15.33004,-395.56274,132.70574,0,0,0,0,0,0
15.364,0,0,0,0,0,0,0,0,-2.23957,-0.16724,1.00087,0.95004,1.42548,1.04941,-1.3266,0,4.29224,-391.44133,132.7477,0,0,0,0,0,0
15.396,0,0,0,0,0,0,0,0,-2.22741,-0.15337,1.00403,0.94824,1.39524,0.99567,-1.29715,0,23.07527,-386.07086,133.04026,0,0,0,0,0,0
15.427,0,0,0,0,0,0,0,0,-2.21391,-0.13882,1.00409,0.94831,1.36671,0.94012,-1.26227,0,41.61078,-379.4829,133.43109,0,0,0,0,0,0
15.458,0,0,0,0,0,0,0,0,-2.19901,-0.12394,1.00188,0.95042,1.34559,0.89126,-1.22341,0,58.31237,-372.29274,133.36409,0,0,0,0,0,0
15.489,0,0,0,0,0,0,0,0,-2.18249,-0.10913,0.99834,0.95477,1.34143,0.85797,-1.18425,0,71.71889,-365.18523,131.78089,0,0,0,0,0,0
15.521,0,0,0,0,0,0,0,0,-2.16456,-0.09444,0.9947,0.96091,1.35218,0.83847,-1.15747,0,82.54058,-358.07352,128.96112,0,0,0,0,0,0
16.895,0,0,0,0,0,0,0,0,-1.4004,0.07647,0.5452,1.0513,1.91231,0.78866,-1.42323,0,148.04021,-170.76122,-1.09425,0,0,0,0,0,0
16.926,0,0,0,0,0,0,0,0,-1.39945,0.07673,0.54536,1.05114,1.90992,0.78941,-1.4228,0,147.98718,-170.5966,-1.09487,0,0,0,0,0,0
16.957,0,0,0,0,0,0,0,0,-1.39865,0.07667,0.54515,1.05096,1.90855,0.78941,-1.42234,0,147.96299,-170.51838,-1.09548,0,0,0,0,0,0
16.988,0,0,0,0,0,0,0,0,-1.39804,0.07645,0.54472,1.05066,1.90715,0.78871,-1.42203,0,147.94798,-170.47666,-1.09376,0,0,0,0,1,0
17.023,0,0,0,0,0,0,0,0,-1.39761,0.07625,0.54447,1.05025,1.90525,0.78811,-1.42069,0,147.95346,-170.47502,-1.09342,0,0,0,0,1,0
17.058,0,0,0,0,0,0,0,0,-1.3974,0.07635,0.54476,1.0502,1.90431,0.78884,-1.41688,0,147.94018,-170.48282,-1.09408,0,0,0,0,1,0
17.092,0,0,0,0,0,0,0,0,-1.39734,0.07663,0.54528,1.05046,1.90458,0.79023,-1.41629,0,147.92691,-170.47589,-1.09613,0,0,0,0,1,0
17.127,0,0,0,0,0,0,0,0,-1.39734,0.07685,0.54554,1.05068,1.90508,0.79096,-1.41949,0,147.90976,-170.43391,-1.09658,0,0,0,0,1,0
17.156,0,0,0,0,0,0,0,0,-1.39741,0.07702,0.54554,1.0508,1.90536,0.79102,-1.42225,0,147.86536,-170.36199,-1.09533,0,0,0,0,1,0
17.188,0,0,0,0,0,0,0,0,-1.39751,0.07701,0.54496,1.05094,1.90669,0.78984,-1.42509,0,147.83044,-170.23717,-1.0944,0,0,0,0,1,0
17.218,0,0,0,0,0,0,0,0,-1.39762,0.07685,0.54345,1.05125,1.91044,0.78655,-1.43039,0,147.843,-169.94051,-1.09459,0,0,0,0,0,0
17.246,0,0,0,0,0,0,0,0,-1.39775,0.07674,0.54141,1.05169,1.91514,0.78238,-1.4325,0,147.77412,-169.51348,-1.09194,0,0,0,0,0,0
17.277,0,0,0,0,0,0,0,0,-1.39782,0.07669,0.53789,1.05214,1.9218,0.77452,-1.43444,0,147.72106,-168.65155,-1.09355,0,0,0,0,0,0
17.309,0,0,0,0,0,0,0,0,-1.39783,0.07676,0.53358,1.05258,1.92869,0.76528,-1.43534,0,147.51382,-167.58882,-1.09791,0,0,0,0,0,0
17.34,0,0,0,0,0,0,0,0,-1.39774,0.07704,0.5283,1.05299,1.93558,0.75438,-1.4345,0,147.10906,-166.25482,-1.10098,0,0,0,0,0,0
17.371,0,0,0,0,0,0,0,0,-1.39746,0.07727,0.52128,1.05334,1.94432,0.73997,-1.43583,0,146.60108,-164.5758,-1.10834,0,0,0,0,0,0
17.403,0,0,0,0,0,0,0,0,-1.39719,0.07756,0.51378,1.05387,1.95279,0.72646,-1.43474,0,145.68455,-162.99428,-1.11303,0,0,0,0,0,0
17.432,0,0,0,0,0,0,0,0,-1.39705,0.0781,0.50599,1.05474,1.96216,0.71387,-1.43485,0,144.46243,-161.40693,-1.12427,0,0,0,0,0,0
17.466,0,0,0,0,0,0,0,0,-1.39706,0.07886,0.49957,1.056,1.97016,0.70611,-1.43699,0,142.94168,-160.21931,-1.135,0,0,0,0,0,0
17.496,0,0,0,0,0,0,0,0,-1.39721,0.07989,0.49421,1.05772,1.97725,0.70243,-1.4416,0,141.11562,-159.30017,-1.14814,0,0,0,0,0,0
17.527,0,0,0,0,0,0,0,0,-1.39741,0.08106,0.49005,1.05955,1.98219,0.70208,-1.44659,0,139.15506,-158.64827,-1.16072,0,0,0,0,0,0
17.559,0,0,0,0,0,0,0,0,-1.39753,0.08223,0.48648,1.06124,1.98576,0.70269,-1.45111,0,137.27609,-158.08975,-1.17373,0,0,0,0,0,0
17.59,0,0,0,0,0,0,0,0,-1.39749,0.08334,0.48307,1.0624,1.98754,0.70195,-1.45482,0,135.66311,-157.45133,-1.18642,0,0,0,0,0,0
17.621,0,0,0,0,0,0,0,0,-1.39736,0.08435,0.48068,1.06255,1.98463,0.7002,-1.45466,0,134.51692,-156.8146,-1.19374,0,0,0,0,0,0
17.652,0,0,0,0,0,0,0,0,-1.39722,0.08532,0.48039,1.06208,1.97619,0.70129,-1.45262,0,133.63548,-156.51531,-1.20551,0,0,0,0,1,0
17.687,0,0,0,0,0,0,0,0,-1.39689,0.08637,0.48202,1.06192,1.9665,0.70695,-1.44843,0,132.82637,-156.56978,-1.21216,0,0,0,0,1,0
17.722,0,0,0,0,0,0,0,0,-1.39639,0.08725,0.48367,1.06208,1.96165,0.71149,-1.44957,0,132.52382,-156.53902,-1.21505,0,0,0,0,1,0
17.748,0,0,0,0,0,0,0,0,-1.39559,0.0881,0.4852,1.06265,1.96011,0.71591,-1.4562,0,132.38234,-156.43405,-1.21702,0,0,0,0,1,0
17.784,0,0,0,0,0,0,0,0,-1.3949,0.08852,0.48555,1.06322,1.96128,0.7179,-1.46233,0,132.29662,-156.31015,-1.2183,0,0,0,0,1,0
17.812,0,0,0,0,0,0,0,0,-1.39426,0.08874,0.48508,1.06371,1.96358,0.71798,-1.46762,0,132.22796,-156.09836,-1.2178,0,0,0,0,1,0
17.845,0,0,0,0,0,0,0,0,-1.39399,0.08862,0.48352,1.06382,1.96695,0.71468,-1.47133,0,132.28215,-155.78337,-1.21534,0,0,0,0,0,0
17.871,0,0,0,0,0,0,0,0,-1.39403,0.08827,0.4813,1.06371,1.97222,0.7085,-1.47357,0,132.60401,-155.34233,-1.21183,0,0,0,0,0,0
17.903,0,0,0,0,0,0,0,0,-1.39428,0.08811,0.47876,1.06311,1.97793,0.69867,-1.47264,0,133.36686,-154.51767,-1.20459,0,0,0,0,0,0
17.934,0,0,0,0,0,0,0,0,-1.39455,0.08815,0.47513,1.06187,1.98859,0.68084,-1.47541,0,135.2204,-152.88377,-1.18962,0,0,0,0,0,0
17.965,0,0,0,0,0,0,0,0,-1.39481,0.08831,0.47154,1.05964,2.0014,0.65717,-1.4806,0,138.23571,-150.78131,-1.17355,0,0,0,0,0,0
17.996,0,0,0,0,0,0,0,0,-1.39512,0.08863,0.46997,1.05661,2.01177,0.63378,-1.48493,0,142.0605,-148.79678,-1.15961,0,0,0,0,0,0
18.027,0,0,0,0,0,0,0,0,-1.39542,0.08899,0.47134,1.05332,2.01715,0.61576,-1.48985,0,146.1419,-147.36382,-1.14894,0,0,0,0,0,0
18.059,0,0,0,0,0,0,0,0,-1.39573,0.08933,0.47597,1.0506,2.01711,0.6072,-1.4969,0,149.87211,-146.73166,-1.14301,0,0,0,0,0,0
18.09,0,0,0,0,0,0,0,0,-1.39592,0.08973,0.48305,1.04887,2.01183,0.60864,-1.50307,0,152.75587,-146.81372,-1.13563,0,0,0,0,0,0
18.121,0,0,0,0,0,0,0,0,-1.39575,0.09013,0.48997,1.04799,2.01015,0.61247,-1.51438,0,155.35156,-146.98117,-1.12926,0,0,0,0,0,0
18.154,0,0,0,0,0,0,0,0,-1.39528,0.09045,0.49493,1.04801,2.01272,0.61664,-1.52618,0,157.17644,-147.1071,-1.12886,0,0,0,0,0,0
18.183,0,0,0,0,0,0,0,0,-1.39459,0.0908,0.49856,1.04822,2.017,0.61934,-1.53776,0,158.7242,-147.04823,-1.1247,0,0,0,0,0,0
18.215,0,0,0,0,0,0,0,0,-1.39402,0.09121,0.50215,1.04833,2.01587,0.6239,-1.5431,0,159.62891,-147.14524,-1.12441,0,0,0,0,1,0
18.249,0,0,0,0,0,0,0,0,-1.39346,0.09176,0.50564,1.04859,2.01181,0.63025,-1.54168,0,159.99152,-147.31634,-1.12103,0,0,0,0,1,0
18.284,0,0,0,0,0,0,0,0,-1.39297,0.09219,0.50777,1.04906,2.01058,0.63489,-1.54361,0,160.13122,-147.39867,-1.1207,0,0,0,0,1,0
18.31,0,0,0,0,0,0,0,0,-1.39245,0.0925,0.50935,1.04965,2.01113,0.63878,-1.54848,0,160.2502,-147.45775,-1.12,0,0,0,0,1,0
18.353,0,0,0,0,0,0,0,0,-1.39226,0.09247,0.51011,1.05024,2.01439,0.64093,-1.55453,0,160.42896,-147.58279,-1.11914,0,0,0,0,1,0
18.372,0,0,0,0,0,0,0,0,-1.39236,0.09212,0.51166,1.05074,2.01842,0.64372,-1.56301,0,160.93366,-147.9629,-1.11404,0,0,0,0,1,0
18.406,0,0,0,0,0,0,0,0,-1.39286,0.09152,0.51428,1.05032,2.01889,0.64561,-1.57335,0,161.96322,-148.52404,-1.11202,0,0,0,0,0,0
18.621,0,0,0,0,0,0,0,0,-1.40224,0.08035,0.53127,1.04241,1.99934,0.65765,-1.58657,0,167.98782,-157.01835,-1.07196,0,0,0,0,0,0
18.652,0,0,0,0,0,0,0,0,-1.40381,0.07799,0.53033,1.04095,1.99574,0.65539,-1.5784,0,167.94283,-158.29613,-1.06592,0,0,0,0,0,0
18.683,0,0,0,0,0,0,0,0,-1.40546,0.07539,0.52981,1.03946,1.99049,0.6548,-1.56985,0,167.7463,-159.85001,-1.06162,0,0,0,0,0,0
18.715,0,0,0,0,0,0,0,0,-1.40717,0.07271,0.52989,1.03807,1.98446,0.65609,-1.56209,0,167.47742,-161.60901,-1.05498,0,0,0,0,0,0
18.746,0,0,0,0,0,0,0,0,-1.40892,0.07009,0.53019,1.03676,1.97879,0.6579,-1.55675,0,167.22624,-163.40362,-1.05121,0,0,0,0,0,0
18.777,0,0,0,0,0,0,0,0,-1.4106,0.06763,0.53002,1.03564,1.97608,0.65817,-1.55457,0,167.1464,-164.9609,-1.04629,0,0,0,0,0,0
18.809,0,0,0,0,0,0,0,0,-1.41225,0.06538,0.53006,1.03478,1.97295,0.65994,-1.55094,0,166.83263,-166.52246,-1.04209,0,0,0,0,1,0
18.844,0,0,0,0,0,0,0,0,-1.41377,0.06381,0.53078,1.03463,1.9665,0.66667,-1.53772,0,165.67555,-168.11151,-1.03918,0,0,0,0,1,0
18.878,0,0,0,0,0,0,0,0,-1.41499,0.0628,0.53032,1.03542,1.96746,0.67132,-1.53521,0,164.58535,-169.12296,-1.0342,0,0,0,0,1,0
18.912,0,0,0,0,0,0,0,0,-1.41573,0.06245,0.5298,1.03646,1.97085,0.67459,-1.54138,0,163.812,-169.60948,-1.03486,0,0,0,0,1,0
18.955,0,0,0,0,0,0,0,0,-1.4162,0.06262,0.53156,1.03787,1.96989,0.68424,-1.5444,0,162.75657,-170.36706,-1.0363,0,0,0,0,1,0
18.974,0,0,0,0,0,0,0,0,-1.41671,0.06309,0.538,1.04088,1.96326,0.71165,-1.54727,0,160.49491,-172.57768,-1.03617,0,0,0,0,0,0
19.005,0,0,0,0,0,0,0,0,-1.4169,0.06313,0.54635,1.04386,1.95357,0.74574,-1.54972,0,158.05019,-175.77053,-1.03973,0,0,0,0,0,0
19.254,0,0,0,0,0,0,0,0,-1.42561,0.04641,0.72985,1.07221,1.68637,1.24409,-1.62428,0,135.01445,-234.51095,34.57938,0,0,0,0,0,0
19.285,0,0,0,0,0,0,0,0,-1.42787,0.04332,0.75487,1.07575,1.65363,1.28987,-1.63136,0,134.01072,-239.95806,42.51863,0,0,0,0,0,0
19.316,0,0,0,0,0,0,0,0,-1.43008,0.04046,0.7774,1.07925,1.62994,1.32944,-1.6326,0,133.8042,-244.96614,49.41754,0,0,0,0,0,0
19.349,0,0,0,0,0,0,0,0,-1.43206,0.03792,0.7953,1.08155,1.61401,1.35546,-1.63127,0,134.60964,-248.40359,54.59828,0,0,0,0,0,0
19.379,0,0,0,0,0,0,0,0,-1.43411,0.03573,0.81186,1.08222,1.59851,1.3723,-1.6273,0,136.32773,-250.53672,58.99451,0,0,0,0,0,0
19.41,0,0,0,0,0,0,0,0,-1.43605,0.0342,0.82649,1.08184,1.58535,1.38333,-1.619,0,138.532,-251.8794,62.42217,0,0,0,0,0,0
19.441,0,0,0,0,0,0,0,0,-1.43783,0.03317,0.83976,1.08066,1.57293,1.3886,-1.61064,0,141.15265,-252.27092,65.23687,0,0,0,0,0,0
19.472,0,0,0,0,0,0,0,0,-1.43933,0.03254,0.85252,1.07917,1.55942,1.38579,-1.61182,0,144.31641,-250.99439,67.91569,0,0,0,0,0,1
19.505,0,0,0,0,0,0,0,0,-1.4404,0.03267,0.8661,1.07838,1.54488,1.38249,-1.61921,0,147.46606,-249.04402,70.88783,0,0,0,0,0,1
19.55,0,0,0,0,0,0,0,0,-1.44071,0.03325,0.87645,1.07857,1.53443,1.38719,-1.61947,0,149.0424,-248.55134,73.26715,0,0,0,0,0,1
19.569,0,0,0,0,0,0,0,0,-1.44063,0.03391,0.88616,1.0792,1.52458,1.39361,-1.61859,0,150.21784,-248.2732,75.64101,0,0,0,0,0,1
19.599,0,0,0,0,0,0,0,0,-1.44024,0.03428,0.89303,1.07963,1.51698,1.39438,-1.61939,0,151.38326,-247.29924,77.41021,0,0,0,0,0,1
19.61,0,0,0,0,0,0,0,0,-1.43962,0.0344,0.89764,1.07919,1.50898,1.38007,-1.62064,0,153.54828,-243.81203,78.73553,0,0,0,0,0,0
19.646,0,0,0,0,0,0,0,0,-1.43927,0.03444,0.89891,1.07783,1.50413,1.3478,-1.62417,0,157.1208,-237.64741,79.09025,0,0,0,0,0,0
19.676,0,0,0,0,0,0,0,0,-1.43926,0.03483,0.89906,1.07559,1.49966,1.30285,-1.61994,0,162.10073,-229.49483,79.18258,0,0,0,0,0,0
19.707,0,0,0,0,0,0,0,0,-1.43956,0.03567,0.89847,1.073,1.49552,1.25124,-1.60665,0,167.94749,-220.38632,79.34047,0,0,0,0,0,0
19.738,0,0,0,0,0,0,0,0,-1.44003,0.03713,0.89795,1.07058,1.49173,1.1974,-1.58546,0,174.34237,-210.97416,79.83037,0,0,0,0,0,0
19.77,0,0,0,0,0,0,0,0,-1.44044,0.03921,0.8982,1.06818,1.4862,1.14895,-1.55363,0,180.46565,-202.43631,80.74673,0,0,0,0,0,0
19.801,0,0,0,0,0,0,0,0,-1.44059,0.04188,0.89806,1.06604,1.48257,1.10434,-1.52066,0,186.39279,-194.65143,81.54638,0,0,0,0,0,0
21.113,0,0,0,0,0,0,0,0,-1.39057,0.08404,0.76031,1.05992,1.62517,0.79338,-1.38596,0,202.68144,-140.67269,54.26677,0,0,0,0,0,0
21.145,0,0,0,0,0,0,0,0,-1.39084,0.08402,0.76017,1.06018,1.62672,0.79297,-1.3875,0,202.67786,-140.6729,54.26728,0,0,0,0,0,0
21.176,0,0,0,0,0,0,0,0,-1.39112,0.08397,0.75995,1.06037,1.62796,0.79239,-1.38759,0,202.67119,-140.67354,54.26738,0,0,0,0,0,0
21.207,0,0,0,0,0,0,0,0,-1.39134,0.08394,0.75977,1.0604,1.62838,0.79185,-1.38805,0,202.67087,-140.67357,54.26722,0,0,0,0,1,0
21.242,0,0,0,0,0,0,0,0,-1.39147,0.08397,0.75976,1.06044,1.62863,0.79172,-1.38847,0,202.67107,-140.67373,54.26764,0,0,0,0,1,0
21.277,0,0,0,0,0,0,0,0,-1.39148,0.08398,0.75983,1.06069,1.62993,0.79191,-1.39113,0,202.67675,-140.67273,54.26748,0,0,0,0,1,0
21.31,0,0,0,0,0,0,0,0,-1.3914,0.08391,0.75986,1.06126,1.63296,0.7921,-1.39788,0,202.70305,-140.66857,54.26751,0,0,0,0,1,0
21.353,0,0,0,0,0,0,0,0,-1.3914,0.08383,0.75986,1.06179,1.63616,0.79194,-1.40179,0,202.79391,-140.65502,54.26702,0,0,0,0,1,0
21.372,0,0,0,0,0,0,0,0,-1.39158,0.08374,0.7601,1.06241,1.64131,0.79086,-1.40606,0,203.20686,-140.58878,54.27811,0,0,0,0,1,0
21.406,0,0,0,0,0,0,0,0,-1.39191,0.08365,0.76055,1.06248,1.64613,0.78781,-1.40846,0,204.15236,-140.4165,54.28688,0,0,0,0,0,0
21.434,0,0,0,0,0,0,0,0,-1.39235,0.08352,0.76091,1.06153,1.64945,0.78129,-1.40705,0,205.8258,-140.0411,54.29051,0,0,0,0,0,0
21.465,0,0,0,0,0,0,0,0,-1.39267,0.08344,0.76103,1.05951,1.65016,0.77114,-1.40328,0,208.14644,-139.3632,54.32064,0,0,0,0,0,0
21.715,0,0,0,0,0,0,0,0,-1.38593,0.08505,0.75799,1.04956,1.64334,0.72181,-1.40081,0,218.4078,-133.72691,54.31843,0,0,0,0,0,0
21.746,0,0,0,0,0,0,0,0,-1.38568,0.0849,0.75777,1.04911,1.64084,0.72146,-1.39863,0,218.40903,-133.7255,54.3176,0,0,0,0,0,0
21.777,0,0,0,0,0,0,0,0,-1.38573,0.08488,0.75763,1.0488,1.63918,0.72107,-1.39806,0,218.40766,-133.72628,54.31878,0,0,0,0,0,0
21.808,0,0,0,0,0,0,0,0,-1.38598,0.08493,0.75749,1.04841,1.63709,0.72051,-1.39849,0,218.39638,-133.73555,54.3175,0,0,0,0,0,0
21.84,0,0,0,0,0,0,0,0,-1.38623,0.08504,0.75749,1.04807,1.63513,0.72028,-1.39986,0,218.37788,-133.75076,54.31575,0,0,0,0,1,0
21.874,0,0,0,0,0,0,0,0,-1.38635,0.08517,0.75773,1.04819,1.63558,0.72072,-1.40147,0,218.36356,-133.76238,54.31495,0,0,0,0,1,0
21.909,0,0,0,0,0,0,0,0,-1.38629,0.08521,0.75798,1.04864,1.6379,0.72147,-1.40346,0,218.34718,-133.77551,54.31457,0,0,0,0,1,0
21.935,0,0,0,0,0,0,0,0,-1.38604,0.08513,0.75828,1.04974,1.64386,0.72271,-1.40937,0,218.32948,-133.79032,54.31392,0,0,0,0,1,0
21.971,0,0,0,0,0,0,0,0,-1.38576,0.08507,0.75852,1.05063,1.64866,0.72375,-1.41535,0,218.32689,-133.79239,54.31441,0,0,0,0,1,0
21.999,0,0,0,0,0,0,0,0,-1.38537,0.08497,0.75838,1.05148,1.65472,0.72292,-1.42383,0,218.58214,-133.6192,54.31854,0,0,0,0,0,0
22.028,0,0,0,0,0,0,0,0,-1.38501,0.08486,0.75837,1.05182,1.65949,0.71961,-1.43148,0,219.33944,-133.23082,54.47417,0,0,0,0,0,0
22.845,0,0,0,0,0,0,0,0,-1.36273,0.09009,0.7207,1.0505,1.72323,0.60378,-1.47174,0,229.26196,-116.96942,54.06389,0,0,0,0,0,0
22.87,0,0,0,0,0,0,0,0,-1.36245,0.09056,0.7242,1.05089,1.72121,0.61168,-1.47777,0,229.16674,-117.30818,54.06539,0,0,0,0,0,0
22.895,0,0,0,0,0,0,0,0,-1.36232,0.09095,0.72814,1.05137,1.7193,0.62086,-1.48389,0,229.01922,-117.81258,54.06179,0,0,0,0,1,0
22.924,0,0,0,0,0,0,0,0,-1.36233,0.09137,0.73333,1.05189,1.71596,0.63314,-1.48872,0,228.77151,-118.59771,54.06141,0,0,0,0,1,0
22.96,0,0,0,0,0,0,0,0,-1.36246,0.09179,0.7386,1.05217,1.71081,0.6457,-1.49174,0,228.47088,-119.47458,54.0604,0,0,0,0,1,0
22.975,0,0,0,0,0,0,0,0,-1.36264,0.09225,0.74375,1.05264,1.70701,0.65814,-1.49596,0,228.14603,-120.34421,54.06437,0,0,0,0,1,0
23.011,0,0,0,0,0,0,0,0,-1.36261,0.09239,0.74516,1.05274,1.70573,0.66153,-1.49694,0,228.06135,-120.56246,54.06584,0,0,0,0,1,0
23.038,0,0,0,0,0,0,0,0,-1.36251,0.09232,0.74484,1.05236,1.70367,0.66068,-1.49618,0,228.0791,-120.52038,54.06616,0,0,0,0,0,0
23.067,0,0,0,0,0,0,0,0,-1.36246,0.09215,0.74345,1.05216,1.70422,0.65729,-1.49692,0,228.16908,-120.29764,54.06871,0,0,0,0,0,0
23.098,0,0,0,0,0,0,0,0,-1.36227,0.09209,0.74113,1.05202,1.7064,0.65144,-1.4951,0,228.36091,-119.79774,54.06983,0,0,0,0,0,0
23.129,0,0,0,0,0,0,0,0,-1.36175,0.09215,0.73849,1.05172,1.70791,0.64465,-1.49244,0,228.60424,-119.11817,54.06769,0,0,0,0,0,0
24.66,0,0,0,0,0,0,0,0,-1.31102,0.09544,0.69411,1.0951,1.76257,0.59999,-1.49346,0,208.45379,-94.60394,67.36065,0,0,0,0,0,0
24.691,0,0,0,0,0,0,0,0,-1.31155,0.09336,0.69051,1.10263,1.76477,0.59442,-1.49635,0,204.81439,-93.18535,71.184,0,0,0,0,0,0
24.723,0,0,0,0,0,0,0,0,-1.31282,0.09122,0.69144,1.11253,1.76943,0.6069,-1.50416,0,199.61392,-93.34737,74.64903,0,0,0,0,0,0
24.754,0,0,0,0,0,0,0,0,-1.31491,0.08842,0.69328,1.12463,1.77842,0.62549,-1.51583,0,193.35858,-94.20951,78.42716,0,0,0,0,0,0
26.435,0,0,0,0,0,0,0,0,-1.50526,-0.00493,0.89087,1.12925,2.00679,1.12635,-1.39753,0,216.89344,-238.37769,72.46888,0,0,0,0,0,0
26.465,0,0,0,0,0,0,0,0,-1.50671,-0.02149,0.89712,1.12217,1.98354,1.17656,-1.35342,0,214.23035,-254.13371,73.85731,0,0,0,0,0,0
26.496,0,0,0,0,0,0,0,0,-1.50832,-0.03862,0.89615,1.11295,1.97011,1.20208,-1.31131,0,213.15748,-267.05688,75.03226,0,0,0,0,0,0
26.527,0,0,0,0,0,0,0,0,-1.5098,-0.05599,0.89162,1.10131,1.9512,1.20647,-1.27415,0,212.48414,-276.67938,76.35183,0,0,0,0,0,1
26.559,0,0,0,0,0,0,0,0,-1.51094,-0.0729,0.88253,1.08909,1.93562,1.18991,-1.26,0,212.77022,-282.79402,77.27712,0,0,0,0,0,1
26.592,0,0,0,0,0,0,0,0,-1.51129,-0.08597,0.87079,1.08041,1.9425,1.17311,-1.24903,0,214.46552,-288.01701,76.73497,0,0,0,0,0,1
26.615,0,0,0,0,0,0,0,0,-1.51085,-0.09686,0.85839,1.07372,1.96409,1.1688,-1.23066,0,216.44693,-295.20909,75.11858,0,0,0,0,0,1
26.66,0,0,0,0,0,0,0,0,-1.50997,-0.10389,0.85008,1.06872,1.97645,1.17226,-1.21761,0,217.16161,-301.14255,73.80603,0,0,0,0,0,1
26.671,0,0,0,0,0,0,0,0,-1.50837,-0.11098,0.84092,1.06204,1.98314,1.17372,-1.2067,0,217.61951,-306.94255,72.22883,0,0,0,0,0,0
26.708,0,0,0,0,0,0,0,0,-1.50685,-0.11602,0.83216,1.05701,1.99969,1.17016,-1.19363,0,219.55726,-311.27876,70.34086,0,0,0,0,0,0
